CL State,CL Region,CL District,Housing Category,Post ID,Repost of (Post ID),Title,URL,Date Posted,Time Posted,Price,Location,Post has Image,Post has Geotag,Bedrooms,Area
New_Jersey,jerseyshore,jerseyshore,apa,6990727938,None,Call Sienna Cherry Creek Home!,https://jerseyshore.craigslist.org/apa/d/denver-call-sienna-cherry-creek-home/6990727938.html,2019-10-01,19:14,$1450,Denver,True,None,2,1017ft2
New_Jersey,jerseyshore,jerseyshore,apa,6990727220,None,Fall In Love With Sienna at Cherry Creek,https://jerseyshore.craigslist.org/apa/d/denver-fall-in-love-with-sienna-at/6990727220.html,2019-10-01,19:13,$1450,Denver,True,None,2,1017ft2
New_Jersey,jerseyshore,jerseyshore,apa,6990723256,None,Autumn Prices! Lease Today!,https://jerseyshore.craigslist.org/apa/d/denver-autumn-prices-lease-today/6990723256.html,2019-10-01,19:07,$1070,Denver,True,None,1,670ft2
New_Jersey,jerseyshore,jerseyshore,apa,6990722531,None,Don't Miss Out! Save on a Renovated apartment!,https://jerseyshore.craigslist.org/apa/d/denver-dont-miss-out-save-on-renovated/6990722531.html,2019-10-01,19:06,$1450,Denver,True,None,2,1017ft2
New_Jersey,jerseyshore,jerseyshore,apa,6990721830,None,Admirable Sizable 2br 2ba W/ Full Size Washer and Dryer In Unit!,https://jerseyshore.craigslist.org/apa/d/denver-admirable-sizable-2br-2ba-full/6990721830.html,2019-10-01,19:05,$1349,Denver,True,None,2,923ft2
New_Jersey,jerseyshore,jerseyshore,apa,6990720934,None,Stop Your Searching! You Found Your Home!,https://jerseyshore.craigslist.org/apa/d/denver-stop-your-searching-you-found/6990720934.html,2019-10-01,19:03,$1144,Denver,True,None,1,750ft2
New_Jersey,jerseyshore,jerseyshore,apa,6987268395,None,Belmar one bedroom apt.,https://jerseyshore.craigslist.org/apa/d/belmar-belmar-one-bedroom-apt/6987268395.html,2019-10-01,19:03,$1200,None,True,None,1,575ft2
New_Jersey,jerseyshore,jerseyshore,apa,6990719993,None,Make the Smart Choice. Choose Sienna!,https://jerseyshore.craigslist.org/apa/d/denver-make-the-smart-choice-choose/6990719993.html,2019-10-01,19:02,$1070,Denver,True,None,1,670ft2
New_Jersey,jerseyshore,jerseyshore,apa,6987293851,None,- Available for 9/39/2019 - 2 Bedroom Apt Home,https://jerseyshore.craigslist.org/apa/d/allenhurst-available-for-bedroom-apt/6987293851.html,2019-10-01,18:29,$975,"Allenhurst, NJ",True,None,3,None
New_Jersey,jerseyshore,jerseyshore,apa,6990683536,6924227506,3 or 4 bed 2 bath single family,https://jerseyshore.craigslist.org/apa/d/penns-grove-3-or-4-bed-2-bath-single/6990683536.html,2019-10-01,18:10,$1300,carney point,False,None,3,1100ft2
New_Jersey,jerseyshore,jerseyshore,apa,6990642960,None,2 bedroom Year Round (#29C)/ Section 8 ok,https://jerseyshore.craigslist.org/apa/d/seaside-heights-2-bedroom-year-round/6990642960.html,2019-10-01,17:14,$1400,Seaside Heights NJ,True,None,2,470ft2
New_Jersey,jerseyshore,jerseyshore,apa,6987569050,6851805915,WINTER RENTAL  OCTOBER  2019 TO MAY 2020,https://jerseyshore.craigslist.org/apa/d/seaside-heights-winter-rental-october/6987569050.html,2019-10-01,17:10,$1100,ORTLEY  BEACH  NJ,True,None,2,None
New_Jersey,jerseyshore,jerseyshore,apa,6990527656,None,Available immediately move in asap..........!!!,https://jerseyshore.craigslist.org/apa/d/brick-available-immediately-move-in-asap/6990527656.html,2019-10-01,16:38,$700,Brick Township,True,None,2,None
New_Jersey,jerseyshore,jerseyshore,apa,6990611488,None,House for Rent- Section 8- 3 BR cozy with yard,https://jerseyshore.craigslist.org/apa/d/island-heights-house-for-rent-section-8/6990611488.html,2019-10-01,16:35,$1800,Toms River,True,None,3,None
New_Jersey,jerseyshore,jerseyshore,apa,6980258980,998063797,1 BR Winter -  534 Brielle Rd Manasquan NJ,https://jerseyshore.craigslist.org/apa/d/sea-girt-1-br-winter-brielle-rd/6980258980.html,2019-10-01,15:55,$775,manasquan Beach,True,None,1,None
New_Jersey,jerseyshore,jerseyshore,apa,6972998219,998063797,1 BR Winter -  534 Brielle Rd Manasquan NJ,https://jerseyshore.craigslist.org/apa/d/sea-girt-1-br-winter-brielle-rd/6972998219.html,2019-10-01,15:55,$775,manasquan Beach,True,None,1,None
New_Jersey,jerseyshore,jerseyshore,apa,6990554881,None,Jersey Shore Winter Rental,https://jerseyshore.craigslist.org/apa/d/seaside-park-jersey-shore-winter-rental/6990554881.html,2019-10-01,15:27,$1100,South Seaside Park,True,None,None,875ft2
New_Jersey,jerseyshore,jerseyshore,apa,6990543700,6980230166,WOW Must See 3 BR 1.5 bath Condo Windmill Clue,https://jerseyshore.craigslist.org/apa/d/howell-wow-must-see-3-br-15-bath-condo/6990543700.html,2019-10-01,15:27,$2150,Howell near Lakewood Jackson Freehold Toms River,True,None,3,None
New_Jersey,jerseyshore,jerseyshore,apa,6990534865,6980226507,WOW Must See Condo Windmill Club 3 BR 1.5 bath,https://jerseyshore.craigslist.org/apa/d/howell-wow-must-see-condo-windmill-club/6990534865.html,2019-10-01,15:04,$2150,Howell near Jackson Lakewood Freehold,True,None,3,None
New_Jersey,jerseyshore,jerseyshore,apa,6990534354,5743394789,"HOLIDAY CITY BERKELEY 55+-TOMS RIVER,NJ-2BR-1.5BA-UPDATED SARASOTA",https://jerseyshore.craigslist.org/apa/d/holiday-city-berkeley-55-toms-rivernj/6990534354.html,2019-10-01,15:04,$1350,"TOMS RIVER, NJ",True,None,2,1200ft2
New_Jersey,jerseyshore,jerseyshore,apa,6972384668,None,~~Annual or Winter~~Downtown Asbury & OG Beach!~~,https://jerseyshore.craigslist.org/apa/d/ocean-grove-annual-or-winterdowntown/6972384668.html,2019-10-01,15:01,$1350,"Ocean Grove, NJ",True,None,1,None
New_Jersey,jerseyshore,jerseyshore,apa,6972304937,None,~~ANNUAL OR WINTER~~~ 1Bd Plus Loft! Border Asbury Pk/OG beach!,https://jerseyshore.craigslist.org/apa/d/ocean-grove-annual-or-winter-1bd-plus/6972304937.html,2019-10-01,15:01,$1650,"Border of Ocean Grove & Asbury Park, NJ",True,None,2,None
New_Jersey,jerseyshore,jerseyshore,apa,6988472207,None,Home office for rent  in point Pleasant beach nt Beach,https://jerseyshore.craigslist.org/apa/d/point-pleasant-beach-home-office-for/6988472207.html,2019-10-01,14:54,$2100,None,False,None,5,1800ft2
New_Jersey,jerseyshore,jerseyshore,apa,6990517544,4882628637,1BR Available in Asbury Park's Entertainment District!,https://jerseyshore.craigslist.org/apa/d/ocean-grove-1br-available-in-asbury/6990517544.html,2019-10-01,14:45,$1377,211 1st Avenue,True,None,1,725ft2
New_Jersey,jerseyshore,jerseyshore,apa,6990510540,None,"Modern Appliances, Private Entrance, Picnic Area",https://jerseyshore.craigslist.org/apa/d/spring-lake-modern-appliances-private/6990510540.html,2019-10-01,14:37,$1650,Spring Lake Heights,True,None,1,None
New_Jersey,jerseyshore,jerseyshore,apa,6990439880,None,amazing cook's kitchen,https://jerseyshore.craigslist.org/apa/d/keansburg-amazing-cooks-kitchen/6990439880.html,2019-10-01,14:32,$700,Keansburg,False,None,2,1215ft2
New_Jersey,jerseyshore,jerseyshore,apa,6990495030,None,Updated 1 Bedroom Apartment,https://jerseyshore.craigslist.org/apa/d/asbury-park-updated-1-bedroom-apartment/6990495030.html,2019-10-01,14:20,$1250,Asbury Park,True,None,1,None
New_Jersey,jerseyshore,jerseyshore,apa,6984979792,None,Annual Rental- 1 Bedroom Oceanfront Condo- Newly Renovated,https://jerseyshore.craigslist.org/apa/d/bradley-beach-annual-rental-1-bedroom/6984979792.html,2019-10-01,14:10,$1100,Bradley Beach,True,None,1,None
New_Jersey,jerseyshore,jerseyshore,apa,6990480169,None,1st Floor Fully Renovated 2x2 Apartment Available Oct 14th,https://jerseyshore.craigslist.org/apa/d/sunnyvale-1st-floor-fully-renovated-2x2/6990480169.html,2019-10-01,14:05,$3322,Sunnyvale,True,None,2,950ft2
New_Jersey,jerseyshore,jerseyshore,apa,6990478980,None,2x2 Fully Renovated Apartment on the 1st Floor Available Oct 4th!,https://jerseyshore.craigslist.org/apa/d/sunnyvale-2x2-fully-renovated-apartment/6990478980.html,2019-10-01,14:04,$3287,Sunnyvale,True,None,2,950ft2
New_Jersey,jerseyshore,jerseyshore,apa,6990477760,None,Beautifully Renovated 1x1 Apartment near Downtown Sunnyvale!,https://jerseyshore.craigslist.org/apa/d/sunnyvale-beautifully-renovated-1x1/6990477760.html,2019-10-01,14:02,$2801,Sunnyvale,True,None,1,710ft2
New_Jersey,jerseyshore,jerseyshore,apa,6990476287,None,Heart of Silicon Valley - Top Floor 2x2 Apartment Available NOW!,https://jerseyshore.craigslist.org/apa/d/sunnyvale-heart-of-silicon-valley-top/6990476287.html,2019-10-01,14:01,$3280,Sunnyvale,True,None,2,950ft2
New_Jersey,jerseyshore,jerseyshore,apa,6984836820,None,Gorgeous 3 +2 Bedroom House In Desired Location!,https://jerseyshore.craigslist.org/apa/d/atlantic-city-gorgeous-3-2-bedroom/6984836820.html,2019-10-01,13:56,$550,neptune,True,None,3,835ft2
New_Jersey,jerseyshore,jerseyshore,apa,6990444684,None,"Charmercoming 1BRU w Parking, 2 Blocks from the Beach!",https://jerseyshore.craigslist.org/apa/d/toms-river-charmercoming-1bru-parking-2/6990444684.html,2019-10-01,13:56,$701,Asbury Park,False,None,1,None
New_Jersey,jerseyshore,jerseyshore,apa,6982617966,6254400111,Sea Girt Furnished Winter Rental,https://jerseyshore.craigslist.org/apa/d/sea-girt-sea-girt-furnished-winter/6982617966.html,2019-10-01,13:32,$2100,Sea Girt,True,None,4,None
New_Jersey,jerseyshore,jerseyshore,apa,6990447303,None,BRICK 2 BDA NIACE AND CLEAN,https://jerseyshore.craigslist.org/apa/d/toms-river-brick-2-bda-niace-and-clean/6990447303.html,2019-10-01,13:30,$700,Brick,False,None,2,None
New_Jersey,jerseyshore,jerseyshore,apa,6990444971,None,BRICK 2 BDU NIECE AND CLEAN,https://jerseyshore.craigslist.org/apa/d/toms-river-brick-2-bdu-niece-and-clean/6990444971.html,2019-10-01,13:28,$700,Brick,False,None,2,None
New_Jersey,jerseyshore,jerseyshore,apa,6990430882,6794936222,"Stainless Steel Appliances, W/D in Town home and much more! Apply Now!",https://jerseyshore.craigslist.org/apa/d/toms-river-stainless-steel-appliances-d/6990430882.html,2019-10-01,13:26,$3295,None,True,None,3,None
New_Jersey,jerseyshore,jerseyshore,apa,6990428209,6776206985,Now Showing! Come Tour! Call Today!,https://jerseyshore.craigslist.org/apa/d/toms-river-now-showing-come-tour-call/6990428209.html,2019-10-01,13:20,$2850,None,True,None,3,None
New_Jersey,jerseyshore,jerseyshore,apa,6990433532,6805936010,Luxury All Around! Bring Your Pets!,https://jerseyshore.craigslist.org/apa/d/toms-river-luxury-all-around-bring-your/6990433532.html,2019-10-01,13:16,$2895,None,True,None,3,None
New_Jersey,jerseyshore,jerseyshore,apa,6990425295,4656492992,Winter Rental - 2 blocks to beach,https://jerseyshore.craigslist.org/apa/d/belmar-winter-rental-2-blocks-to-beach/6990425295.html,2019-10-01,13:07,$975,Belmar,True,None,3,None
New_Jersey,jerseyshore,jerseyshore,apa,6990411389,None,Brand New Winter Rental Available in Beach Haven West,https://jerseyshore.craigslist.org/apa/d/manahawkin-brand-new-winter-rental/6990411389.html,2019-10-01,12:52,$1400,Beach Haven West,True,None,3,1000ft2
New_Jersey,jerseyshore,jerseyshore,apa,6990396982,None,"Convenient Location, Some Utilities Included, Hardwood Floors",https://jerseyshore.craigslist.org/apa/d/spring-lake-convenient-location-some/6990396982.html,2019-10-01,12:37,$1899,Spring Lake Heights,True,None,1,None
New_Jersey,jerseyshore,jerseyshore,apa,6990389583,5002256023,ROOM 4 rent in private house,https://jerseyshore.craigslist.org/apa/d/deal-room-4-rent-in-private-house/6990389583.html,2019-10-01,12:29,$700,Long Branch,False,None,1,None
New_Jersey,jerseyshore,jerseyshore,apa,6982983953,6975833516,WINTER RENTAL AVAILABLE now to May 15th 2020,https://jerseyshore.craigslist.org/apa/d/belmar-winter-rental-available-now-to/6982983953.html,2019-10-01,12:21,$1400,Belmar,True,None,3,None
New_Jersey,jerseyshore,jerseyshore,apa,6986126563,None,"fully furnished Winter rental, includes all utilities",https://jerseyshore.craigslist.org/apa/d/seaside-heights-fully-furnished-winter/6986126563.html,2019-10-01,12:20,$1050,Seaside Heights,True,None,2,None
New_Jersey,jerseyshore,jerseyshore,apa,6985739341,None,"1st flr apt, newly remodeled, wdhu, parking",https://jerseyshore.craigslist.org/apa/d/pine-beach-1st-flr-apt-newly-remodeled/6985739341.html,2019-10-01,12:17,$1190,Toms River,True,None,1,None
New_Jersey,jerseyshore,jerseyshore,apa,6985015955,None,"Nice and clean 1st flr in 2 family, yearly rental",https://jerseyshore.craigslist.org/apa/d/lavallette-nice-and-clean-1st-flr-in-2/6985015955.html,2019-10-01,12:17,$1675,Lavallette,True,None,3,None
New_Jersey,jerseyshore,jerseyshore,apa,6982763746,6963548994,"single family home, large eat in kitchen, yard, driveway",https://jerseyshore.craigslist.org/apa/d/brick-single-family-home-large-eat-in/6982763746.html,2019-10-01,12:14,$1475,Brick,True,None,2,None
New_Jersey,jerseyshore,jerseyshore,apa,6990367287,None,"Lots of Space, Section 8 taken, Call for Details",https://jerseyshore.craigslist.org/apa/d/ocean-gate-lots-of-space-section-8/6990367287.html,2019-10-01,12:05,$1950,Ocean Gate,True,None,4,None
New_Jersey,jerseyshore,jerseyshore,apa,6990352518,None,BRICK 2 BD TOWNHOUSE CLEAN AND NICE,https://jerseyshore.craigslist.org/apa/d/shrewsbury-brick-2-bd-townhouse-clean/6990352518.html,2019-10-01,11:49,$1300,Brick,False,None,None,None
New_Jersey,jerseyshore,jerseyshore,apa,6990349649,None,Rento AMPLIO departamento,https://jerseyshore.craigslist.org/apa/d/long-branch-rento-amplio-departamento/6990349649.html,2019-10-01,11:46,$2600,"Long Branch, NJ",True,None,6,None
New_Jersey,jerseyshore,jerseyshore,apa,6986671453,None,1BR CONDO FULLY FURNISHED,https://jerseyshore.craigslist.org/apa/d/seaside-heights-1br-condo-fully/6986671453.html,2019-10-01,11:43,$850,Seaside Heights,True,None,1,430ft2
New_Jersey,jerseyshore,jerseyshore,apa,6990330429,4882628637,Best Bang for your Buck in Asbury Park!,https://jerseyshore.craigslist.org/apa/d/allenhurst-best-bang-for-your-buck-in/6990330429.html,2019-10-01,11:25,$1550,310 6th Avenue,True,None,1,725ft2
New_Jersey,jerseyshore,jerseyshore,apa,6990316966,4879038032,Right Near AC! Come Live At Sunrise Bay!,https://jerseyshore.craigslist.org/apa/d/right-near-ac-come-live-at-sunrise-bay/6990316966.html,2019-10-01,11:09,$0,Galloway,False,None,2,None
New_Jersey,jerseyshore,jerseyshore,apa,6990316900,6692245320,BRICK LOCATION- WINTER RENTAL Great Home in Beach Community,https://jerseyshore.craigslist.org/apa/d/brick-brick-location-winter-rental/6990316900.html,2019-10-01,11:09,$1900,Brick,True,None,3,None
New_Jersey,jerseyshore,jerseyshore,apa,6988536960,None,2 Bedroom - Deal Lake - Asbury Park NJ,https://jerseyshore.craigslist.org/apa/d/allenhurst-2-bedroom-deal-lake-asbury/6988536960.html,2019-10-01,10:53,$1650,Asbury Park,True,None,2,None
New_Jersey,jerseyshore,jerseyshore,apa,6985039625,6950737063,BEAUTIFUL APARTMENT,https://jerseyshore.craigslist.org/apa/d/avon-by-the-sea-beautiful-apartment/6985039625.html,2019-10-01,10:53,$1700,AVON BY THE SEA,True,None,1,None
New_Jersey,jerseyshore,jerseyshore,apa,6972275109,None,Luxury Yearly Beach Apt!! 3 Bed or 2 Bed + Home Office - New Remodel!,https://jerseyshore.craigslist.org/apa/d/brielle-luxury-yearly-beach-apt-3-bed/6972275109.html,2019-10-01,10:41,$1760,Point Pleasant Beach,True,None,3,850ft2
New_Jersey,jerseyshore,jerseyshore,apa,6990266132,None,1bed/1bath-Live the Uptown urban lifestyle you crave!,https://jerseyshore.craigslist.org/apa/d/matawan-1bed-1bath-live-the-uptown/6990266132.html,2019-10-01,10:06,$1970,Matawan,True,None,1,962ft2
New_Jersey,jerseyshore,jerseyshore,apa,6990265092,None,Apartments for rent @ Drum Point Arms Apartments,https://jerseyshore.craigslist.org/apa/d/brick-apartments-for-rent-drum-point/6990265092.html,2019-10-01,10:04,$0,Brick,True,None,None,None
New_Jersey,jerseyshore,jerseyshore,apa,6990253831,4882628637,One of Our Most Sought After 1BRs Available!,https://jerseyshore.craigslist.org/apa/d/allenhurst-one-of-our-most-sought-after/6990253831.html,2019-10-01,09:48,$1525,310 6th Avenue,True,None,1,725ft2
New_Jersey,jerseyshore,jerseyshore,apa,6990248323,6483026182,Save Up To $2835 On Select Townhomes!,https://jerseyshore.craigslist.org/apa/d/cologne-save-up-to-2835-on-select/6990248323.html,2019-10-01,09:39,$0,Mays Landing,True,None,3,None
New_Jersey,jerseyshore,jerseyshore,apa,6990248077,6481035985,Save Up To $3224 On Select Apartments!,https://jerseyshore.craigslist.org/apa/d/cologne-save-up-to-3224-on-select/6990248077.html,2019-10-01,09:39,$0,Mays Landing,True,None,2,None
New_Jersey,jerseyshore,jerseyshore,apa,6990247850,6483044254,Save Up To $3224 On Select Apartments!,https://jerseyshore.craigslist.org/apa/d/cologne-save-up-to-3224-on-select/6990247850.html,2019-10-01,09:39,$0,Mays Landing,True,None,1,None
New_Jersey,jerseyshore,jerseyshore,apa,6985627538,6377561198,Beachwood Beautiful 2 Bedroom Apartment for Rent,https://jerseyshore.craigslist.org/apa/d/beachwood-beachwood-beautiful-2-bedroom/6985627538.html,2019-10-01,09:32,$1400,125 Atlantic City Blvd,False,None,2,None
New_Jersey,jerseyshore,jerseyshore,apa,6974743250,None,Carraige House Apt 2BR All utilities included!,https://jerseyshore.craigslist.org/apa/d/brick-carraige-house-apt-2br-all/6974743250.html,2019-10-01,09:17,$1650,Brick,True,None,2,None
New_Jersey,jerseyshore,jerseyshore,apa,6977028341,None,Carraige House Apt 2BR All utilities included!,https://jerseyshore.craigslist.org/apa/d/brick-carraige-house-apt-2br-all/6977028341.html,2019-10-01,09:16,$1650,BRICK,True,None,2,1000ft2
New_Jersey,jerseyshore,jerseyshore,apa,6972587745,4560720221,3 Bedroom Winter rental in Manasquan,https://jerseyshore.craigslist.org/apa/d/3-bedroom-winter-rental-in-manasquan/6972587745.html,2019-10-01,09:14,$1300,First ave Manasquan Beach,True,None,3,1000ft2
New_Jersey,jerseyshore,jerseyshore,apa,6975839065,5436445588,NEW HIGH TECH ROOM/WEEK (MANASQUAN / SEA GIRT / BRIELLE(MANASQUAN),https://jerseyshore.craigslist.org/apa/d/manasquan-new-high-tech-room-week/6975839065.html,2019-10-01,08:59,$289,MANASQUAN,False,None,1,None
New_Jersey,jerseyshore,jerseyshore,apa,6984024903,None,** Winter Rental - Spacious 2Br - Great Belmar Location **,https://jerseyshore.craigslist.org/apa/d/belmar-winter-rental-spacious-2br-great/6984024903.html,2019-10-01,08:57,$1400,Belmar,True,None,2,None
New_Jersey,jerseyshore,jerseyshore,apa,6984022504,None,** Winter Rental - Spacious 1Br - Great Belmar Location **,https://jerseyshore.craigslist.org/apa/d/belmar-winter-rental-spacious-1br-great/6984022504.html,2019-10-01,08:57,$1200,Belmar,True,None,1,None
New_Jersey,jerseyshore,jerseyshore,apa,6990218436,6950893669,Adult Community Rental 55 plus,https://jerseyshore.craigslist.org/apa/d/toms-river-adult-community-rental-55/6990218436.html,2019-10-01,08:48,$1400,Holiday City,True,None,2,None
New_Jersey,jerseyshore,jerseyshore,apa,6970579766,6857743942,Renovated 1 Bedroom Apartment! Ocean Block!,https://jerseyshore.craigslist.org/apa/d/seaside-heights-renovated-1-bedroom/6970579766.html,2019-10-01,08:31,$945,Seaside Heights,True,None,1,None
New_Jersey,jerseyshore,jerseyshore,apa,6984111972,None,Three Bedroom,https://jerseyshore.craigslist.org/apa/d/asbury-park-three-bedroom/6984111972.html,2019-10-01,08:16,$2200,Asbury Park,False,None,3,None
New_Jersey,jerseyshore,jerseyshore,apa,6990198201,None,Senior 55 and older,https://jerseyshore.craigslist.org/apa/d/brick-senior-55-and-older/6990198201.html,2019-10-01,07:53,$1200,Brick,True,None,2,None
New_Jersey,jerseyshore,jerseyshore,apa,6988746172,None,@@@YOU WILL BE SURPRISED@@@,https://jerseyshore.craigslist.org/apa/d/toms-river-you-will-be-surprised/6988746172.html,2019-10-01,07:40,$825,"Toms River, NJ",True,None,3,None
New_Jersey,jerseyshore,jerseyshore,apa,6986816997,6483025511,Fully furnished 3bd - Utils incl - Available Sept 15th thru May 15th,https://jerseyshore.craigslist.org/apa/d/seaside-heights-fully-furnished-3bd/6986816997.html,2019-10-01,07:40,$1690,Lavallette,True,None,3,None
New_Jersey,jerseyshore,jerseyshore,apa,6990192257,None,LBI winter rental,https://jerseyshore.craigslist.org/apa/d/beach-haven-lbi-winter-rental/6990192257.html,2019-10-01,07:31,$1500,Beach Haven Park,True,None,3,900ft2
New_Jersey,jerseyshore,jerseyshore,apa,6990190456,6851805915,WINTER RENTAL  OCTOBER 2019 TO MAY 2020,https://jerseyshore.craigslist.org/apa/d/seaside-heights-winter-rental-october/6990190456.html,2019-10-01,07:23,$1100,ORTLEY  BEACH  NJ,True,None,2,None
New_Jersey,jerseyshore,jerseyshore,apa,6990188734,4106671216,Clean and Bright 1 Bedroom - Year Round,https://jerseyshore.craigslist.org/apa/d/belmar-clean-and-bright-1-bedroom-year/6990188734.html,2019-10-01,07:15,$1250,"Belmar, NJ",True,None,1,None
New_Jersey,jerseyshore,jerseyshore,apa,6990161118,None,** YOUR GONNA  LOVE IT - UTILITY'S INCLUDED 5 HOUSE FROM BEACH,https://jerseyshore.craigslist.org/apa/d/seaside-heights-your-gonna-love-it/6990161118.html,2019-10-01,03:04,$1500,(SEASIDE HEIGHTS NORTH),True,None,3,1600ft2
New_Jersey,jerseyshore,jerseyshore,apa,6977063410,None,UTILITY'S INCLUDED  ( 3 ) BEDROOM BEACH HOUSE  / CLEAN COZY,https://jerseyshore.craigslist.org/apa/d/seaside-heights-utilitys-included-3/6977063410.html,2019-10-01,02:48,$1500,SEASIDE HEIGHTS - NORTH END,True,None,3,1600ft2
New_Jersey,jerseyshore,jerseyshore,apa,6969117814,None,Charming 2 bedroom Rental,https://jerseyshore.craigslist.org/apa/d/brick-charming-2-bedroom-rental/6969117814.html,2019-09-30,22:03,$1475,Brick,True,None,2,1000ft2
New_Jersey,jerseyshore,jerseyshore,apa,6988717958,6022646782,51.00 a day,https://jerseyshore.craigslist.org/apa/d/5100-day/6988717958.html,2019-09-30,22:00,$51,Seasode Heights,False,None,1,None
New_Jersey,jerseyshore,jerseyshore,apa,6988715396,6699356813,Available starting Today,https://jerseyshore.craigslist.org/apa/d/brick-available-starting-today/6988715396.html,2019-09-30,22:00,$350,Brick,False,None,1,None
New_Jersey,jerseyshore,jerseyshore,apa,6990084961,None,Winter rental,https://jerseyshore.craigslist.org/apa/d/toms-river-winter-rental/6990084961.html,2019-09-30,21:56,$1200,Gordon Park,True,None,2,None
New_Jersey,jerseyshore,jerseyshore,apa,6977634380,None,Brand New 2 bedroom +loft/1 bath,https://jerseyshore.craigslist.org/apa/d/neptune-brand-new-2-bedroom-loft-1-bath/6977634380.html,2019-09-30,21:55,$2000,None,True,None,2,1200ft2
New_Jersey,jerseyshore,jerseyshore,apa,6977633985,None,Brand New 3 bedroom/1 bath,https://jerseyshore.craigslist.org/apa/d/neptune-brand-new-3-bedroom-1-bath/6977633985.html,2019-09-30,21:55,$2150,None,True,None,3,1200ft2
New_Jersey,jerseyshore,jerseyshore,apa,6990080954,5483270064,Belmar summer rental 2020,https://jerseyshore.craigslist.org/apa/d/belmar-summer-rental-2020/6990080954.html,2019-09-30,21:46,$15000,15th Ave,True,None,2,None
New_Jersey,jerseyshore,jerseyshore,apa,6990069616,None,"Charming 1BR w Parking, 2 Blocks from the Beach!",https://jerseyshore.craigslist.org/apa/d/ocean-grove-charming-1br-parking-2/6990069616.html,2019-09-30,21:21,$1600,Asbury Park,True,None,1,700ft2
New_Jersey,jerseyshore,jerseyshore,apa,6984980634,None,"2 Bedroom, 1 bath. 3rd floor apt - Ocean views",https://jerseyshore.craigslist.org/apa/d/seaside-heights-2-bedroom-1-bath-3rd/6984980634.html,2019-09-30,21:19,$1400,Seaside Heights,True,None,2,600ft2
New_Jersey,jerseyshore,jerseyshore,apa,6984984381,None,"1 bedroom, 1 bath efficiency apartment",https://jerseyshore.craigslist.org/apa/d/seaside-heights-1-bedroom-1-bath/6984984381.html,2019-09-30,21:19,$1100,"Seaside Heights, NJ",True,None,1,500ft2
New_Jersey,jerseyshore,jerseyshore,apa,6984988741,None,"2 bedroom, 1 bath apartment",https://jerseyshore.craigslist.org/apa/d/seaside-heights-2-bedroom-1-bath/6984988741.html,2019-09-30,21:19,$1200,Seaside Heights NJ,True,None,2,600ft2
New_Jersey,jerseyshore,jerseyshore,apa,6984711728,5742111544,"Beautiful and big house great neighborhood in Toms River, Ocean Views",https://jerseyshore.craigslist.org/apa/d/island-heights-beautiful-and-big-house/6984711728.html,2019-09-30,20:38,$2350,Toms River,True,None,4,1950ft2
New_Jersey,jerseyshore,jerseyshore,apa,6981644459,6705959658,Ocean Grove 1 Bedroom Apartment in 3 Family Home 1 block to beach,https://jerseyshore.craigslist.org/apa/d/ocean-grove-ocean-grove-1-bedroom/6981644459.html,2019-09-30,20:16,$1325,58 Cookman Ave,False,None,1,600ft2
New_Jersey,jerseyshore,jerseyshore,apa,6989990894,None,Winter Rental,https://jerseyshore.craigslist.org/apa/d/brielle-winter-rental/6989990894.html,2019-09-30,19:04,$1500,Brielle,True,None,2,1500ft2
New_Jersey,jerseyshore,jerseyshore,apa,6980844235,None,55+ Leisure Knolls House,https://jerseyshore.craigslist.org/apa/d/island-heights-55-leisure-knolls-house/6980844235.html,2019-09-30,18:52,$2200,Manchester NJ,False,None,2,1200ft2
New_Jersey,jerseyshore,jerseyshore,apa,6984556834,6949203058,YEAR ROUND 4 Bedroom W/Private Back Yard!,https://jerseyshore.craigslist.org/apa/d/wildwood-year-round-4-bedroom-private/6984556834.html,2019-09-30,18:33,$1700,Wildwood Crest,True,None,4,2000ft2
New_Jersey,jerseyshore,jerseyshore,apa,6989951425,None,2 bed 2.5 bath Little egg harbor,https://jerseyshore.craigslist.org/apa/d/tuckerton-2-bed-25-bath-little-egg/6989951425.html,2019-09-30,18:06,$1300,None,False,None,None,None
New_Jersey,jerseyshore,jerseyshore,apa,6989946711,6313529272,Spring Lake- 3 bedroom House,https://jerseyshore.craigslist.org/apa/d/spring-lake-3-bedroom-house/6989946711.html,2019-09-30,18:00,$0,None,True,None,3,None
New_Jersey,jerseyshore,jerseyshore,apa,6989946477,None,Call Sienna Cherry Creek Home!,https://jerseyshore.craigslist.org/apa/d/denver-call-sienna-cherry-creek-home/6989946477.html,2019-09-30,18:00,$1349,Denver,True,None,2,923ft2
New_Jersey,jerseyshore,jerseyshore,apa,6989945595,None,Great apartment in Denver! Check us Out TODAY!,https://jerseyshore.craigslist.org/apa/d/denver-great-apartment-in-denver-check/6989945595.html,2019-09-30,17:59,$1070,Denver,True,None,1,670ft2
New_Jersey,jerseyshore,jerseyshore,apa,6989944296,None,Delightful Spacious 1br 1ba W/ balcony!,https://jerseyshore.craigslist.org/apa/d/denver-delightful-spacious-1br-1ba/6989944296.html,2019-09-30,17:57,$1070,Denver,True,None,1,670ft2
New_Jersey,jerseyshore,jerseyshore,apa,6989943970,None,SUPER GREAT SPECIAL!!!,https://jerseyshore.craigslist.org/apa/d/houston-super-great-special/6989943970.html,2019-09-30,17:56,$859,6727 Telephone Rd,True,None,2,888ft2
New_Jersey,jerseyshore,jerseyshore,apa,6989943893,None,MOVE IN SPECIALS FOR OCTOBER!!!,https://jerseyshore.craigslist.org/apa/d/houston-move-in-specials-for-october/6989943893.html,2019-09-30,17:56,$859,6727 Telephone Rd,True,None,2,930ft2
New_Jersey,jerseyshore,jerseyshore,apa,6989941927,None,Good Luck Beating This Price!,https://jerseyshore.craigslist.org/apa/d/denver-good-luck-beating-this-price/6989941927.html,2019-09-30,17:54,$1450,Denver,True,None,2,1017ft2
New_Jersey,jerseyshore,jerseyshore,apa,6989941044,None,1st Floor Two Bedroom Available NOW!,https://jerseyshore.craigslist.org/apa/d/denver-1st-floor-two-bedroom-available/6989941044.html,2019-09-30,17:52,$1450,Denver,True,None,2,1017ft2
New_Jersey,jerseyshore,jerseyshore,apa,6989940289,None,Is Your Apartment Renovated? Do You Want It To Be?,https://jerseyshore.craigslist.org/apa/d/denver-is-your-apartment-renovated-do/6989940289.html,2019-09-30,17:51,$1349,Denver,True,None,2,923ft2
New_Jersey,jerseyshore,jerseyshore,apa,6989939163,None,"Beautiful 1x1, newly renovated with October free!",https://jerseyshore.craigslist.org/apa/d/denver-beautiful-1x1-newly-renovated/6989939163.html,2019-09-30,17:50,$1144,Denver,True,None,1,750ft2
New_Jersey,jerseyshore,jerseyshore,apa,6989938125,None,Fall In Love With Sienna at Cherry Creek,https://jerseyshore.craigslist.org/apa/d/denver-fall-in-love-with-sienna-at/6989938125.html,2019-09-30,17:48,$1070,Denver,True,None,1,670ft2
New_Jersey,jerseyshore,jerseyshore,apa,6989924980,None,Location is everything! Thats why were in a great spot!,https://jerseyshore.craigslist.org/apa/d/neptune-location-is-everything-thats/6989924980.html,2019-09-30,17:31,$2000,None,True,None,None,None
New_Jersey,jerseyshore,jerseyshore,apa,6989924363,None,Pet friendly! 1 and two bedrooms! Check us out! Call today!,https://jerseyshore.craigslist.org/apa/d/neptune-pet-friendly-1-and-two-bedrooms/6989924363.html,2019-09-30,17:30,$1875,None,True,None,None,None
New_Jersey,jerseyshore,jerseyshore,apa,6988262607,6851805915,WINTER RENTAL  OCTOBER 2019 TO MAY 2020,https://jerseyshore.craigslist.org/apa/d/seaside-heights-winter-rental-october/6988262607.html,2019-09-30,17:24,$1100,ORTLEY  BEACH  NJ,True,None,2,None
New_Jersey,jerseyshore,jerseyshore,apa,6989918035,None,"1 BR Available in Highlands, NJ $700",https://jerseyshore.craigslist.org/apa/d/highlands-1-br-available-in-highlands/6989918035.html,2019-09-30,17:22,$700,"Highlands, NJ",False,None,2,None
New_Jersey,jerseyshore,jerseyshore,apa,6989783065,6973271360,"1 Bedroom Apartment, Manasquan",https://jerseyshore.craigslist.org/apa/d/manasquan-1-bedroom-apartment-manasquan/6989783065.html,2019-09-30,16:38,$500,Manasquan,False,None,None,None
New_Jersey,jerseyshore,jerseyshore,apa,6989880607,6952923010,1 Bedroom apartment utilities included.,https://jerseyshore.craigslist.org/apa/d/howell-1-bedroom-apartment-utilities/6989880607.html,2019-09-30,16:35,$1250,Howell,True,None,1,650ft2
New_Jersey,jerseyshore,jerseyshore,apa,6982934030,6942192423,UNIQUE BEAUTIFUL 1OF A KIND HARBORTOWN TOWNHOUSE,https://jerseyshore.craigslist.org/apa/d/detroit-unique-beautiful-1of-kind/6982934030.html,2019-09-30,16:27,$3500,"Detroit, MI",True,None,2,None
New_Jersey,jerseyshore,jerseyshore,apa,6981606261,6942192423,Beautiful Harbor-town Townhouse,https://jerseyshore.craigslist.org/apa/d/detroit-beautiful-harbor-town-townhouse/6981606261.html,2019-09-30,16:27,$3500,"Detroit, MI",True,None,2,None
New_Jersey,jerseyshore,jerseyshore,apa,6973208478,6245597465,***WINTER RENTAL...Belmar Condo...Block-To-Beach***,https://jerseyshore.craigslist.org/apa/d/winter-rentalbelmar-condoblock-to-beach/6973208478.html,2019-09-30,16:18,$0,"Belmar, NJ",False,None,1,None
New_Jersey,jerseyshore,jerseyshore,apa,6973210171,6214940521,***BELMAR Condo...Block-To-Beach...Annual Rental***,https://jerseyshore.craigslist.org/apa/d/belmar-condoblock-to-beachannual-rental/6973210171.html,2019-09-30,16:17,$0,"Belmar, NJ",False,None,None,None
New_Jersey,jerseyshore,jerseyshore,apa,6989862226,None,Intro Offer FURNISHED STUDIO / PETS OK,https://jerseyshore.craigslist.org/apa/d/red-bank-intro-offer-furnished-studio/6989862226.html,2019-09-30,16:13,$1817,None,True,None,1,None
New_Jersey,jerseyshore,jerseyshore,apa,6980042389,6925946875,"Tall Timber Apartments - 2 Bed 2 Bath + Pool, Basketball, Clubhouse",https://jerseyshore.craigslist.org/apa/d/tuckerton-tall-timber-apartments-2-bed/6980042389.html,2019-09-30,16:07,$1245,Little Egg Harbor,True,None,2,1100ft2
New_Jersey,jerseyshore,jerseyshore,apa,6989785182,None,"Fully Renovated 3BR 2 ba 2,043 sqft home rent to own (Vineland, NJ)",https://jerseyshore.craigslist.org/apa/d/vineland-fully-renovated-3br-2-ba-2043/6989785182.html,2019-09-30,15:45,$550,None,True,None,3,None
New_Jersey,jerseyshore,jerseyshore,apa,6989829725,5502914752,2 Bedroom Condo in Brick NJ,https://jerseyshore.craigslist.org/apa/d/2-bedroom-condo-in-brick-nj/6989829725.html,2019-09-30,15:35,$1525,None,False,None,2,None
New_Jersey,jerseyshore,jerseyshore,apa,6986816908,6898410816,Fully furnished 3bd - Utils incl - Available Sept 10th thru May 15th,https://jerseyshore.craigslist.org/apa/d/seaside-heights-fully-furnished-3bd/6986816908.html,2019-09-30,15:30,$1790,Lavallette,True,None,3,None
New_Jersey,jerseyshore,jerseyshore,apa,6989707728,None,Clean Affordable 1 Bedroom House With a Pool For Rent,https://jerseyshore.craigslist.org/apa/d/seaside-heights-clean-affordable-1/6989707728.html,2019-09-30,15:12,$1500,"Seaside Heights, NJ",True,None,1,None
New_Jersey,jerseyshore,jerseyshore,apa,6989803287,None,Great annual or Winter Rental Shark River hill,https://jerseyshore.craigslist.org/apa/d/neptune-great-annual-or-winter-rental/6989803287.html,2019-09-30,15:07,$2200,Neptune City,True,None,2,None
New_Jersey,jerseyshore,jerseyshore,apa,6969837702,None,Temporary Weekly Housing,https://jerseyshore.craigslist.org/apa/d/seaside-heights-temporary-weekly-housing/6969837702.html,2019-09-30,14:45,$320,Seaside Heights,False,None,1,None
New_Jersey,jerseyshore,jerseyshore,apa,6976098239,6973271602,One Room Rent*Near Everything!,https://jerseyshore.craigslist.org/apa/d/cologne-one-room-rentnear-everything/6976098239.html,2019-09-30,14:45,$450,Egg Harbor Township,False,None,None,None
New_Jersey,jerseyshore,jerseyshore,apa,6976097064,6973271602,One bedroom units*,https://jerseyshore.craigslist.org/apa/d/lavallette-one-bedroom-units/6976097064.html,2019-09-30,14:44,$750,Lavallette NJ,False,None,None,None
New_Jersey,jerseyshore,jerseyshore,apa,6976097860,6973271602,Spacious private space in house share,https://jerseyshore.craigslist.org/apa/d/spring-lake-spacious-private-space-in/6976097860.html,2019-09-30,14:44,$450,Wall,False,None,None,None
New_Jersey,jerseyshore,jerseyshore,apa,6988127945,5409780277,PRIVATE OWNER CURRENTLY 2-6 BEDROOMS AVAIL IN NORTHUMBERLAND COUNTY,https://jerseyshore.craigslist.org/apa/d/private-owner-currently-2-6-bedrooms/6988127945.html,2019-09-30,14:32,$595,PETS OK-GARAGE-LRG YARD-FREE RENT!,True,None,6,None
New_Jersey,jerseyshore,jerseyshore,apa,6989770558,None,"Leasing Now, Pool, Landscaped Grounds",https://jerseyshore.craigslist.org/apa/d/spring-lake-leasing-now-pool-landscaped/6989770558.html,2019-09-30,14:30,$1650,Spring Lake Heights,True,None,1,None
New_Jersey,jerseyshore,jerseyshore,apa,6986880221,None,Schedule Now! 2 Bed Cottage with New Bath and Kitchen!,https://jerseyshore.craigslist.org/apa/d/keansburg-schedule-now-2-bed-cottage/6986880221.html,2019-09-30,14:28,$1495,None,False,None,None,None
New_Jersey,jerseyshore,jerseyshore,apa,6981295338,None,3 bed 1.5 bath manufactured home $1200 a month Ref 15A,https://jerseyshore.craigslist.org/apa/d/joint-base-mdl-3-bed-15-bath/6981295338.html,2019-09-30,13:52,$1200,Browns Mills,False,None,None,None
New_Jersey,jerseyshore,jerseyshore,apa,6989727807,None,"Designer Fixtures, Picnic Area, Some Utilities Included",https://jerseyshore.craigslist.org/apa/d/spring-lake-designer-fixtures-picnic/6989727807.html,2019-09-30,13:44,$1650,Spring Lake Heights,True,None,1,None
New_Jersey,jerseyshore,jerseyshore,apa,6987544476,None,"Holiday City 2br, 1 bath  $1200",https://jerseyshore.craigslist.org/apa/d/toms-river-holiday-city-2br-1-bath-1200/6987544476.html,2019-09-30,13:27,$1200,Toms River,False,None,2,None
New_Jersey,jerseyshore,jerseyshore,apa,6989651042,None,"Lovely 2 bedroom, 2 full bath!!",https://jerseyshore.craigslist.org/apa/d/atlantic-city-lovely-2-bedroom-2-full/6989651042.html,2019-09-30,13:27,$1300,"Atlantic City, NJ",True,None,2,None
New_Jersey,jerseyshore,jerseyshore,apa,6989707872,4656492992,Winter Rental - 2 blocks to beach,https://jerseyshore.craigslist.org/apa/d/belmar-winter-rental-2-blocks-to-beach/6989707872.html,2019-09-30,13:27,$950,Belmar,True,None,2,None
New_Jersey,jerseyshore,jerseyshore,apa,6986218911,None,"Toms River, NJ ** Open House Saturday 10-12noon on 9/28/19 **",https://jerseyshore.craigslist.org/apa/d/toms-river-toms-river-nj-open-house/6986218911.html,2019-09-30,13:26,$625,"Toms River, NJ",True,None,4,None
New_Jersey,jerseyshore,jerseyshore,apa,6989701760,None,"Professionally Managed, Stainless Steel Appliances, Multiple Closets",https://jerseyshore.craigslist.org/apa/d/spring-lake-professionally-managed/6989701760.html,2019-09-30,13:17,$1899,Spring Lake Heights,True,None,1,None
New_Jersey,jerseyshore,jerseyshore,apa,6989698427,None,One bedroom ready now!! Apply on our website now! Goes fast!,https://jerseyshore.craigslist.org/apa/d/neptune-one-bedroom-ready-now-apply-on/6989698427.html,2019-09-30,13:14,$1645,None,True,None,None,None
New_Jersey,jerseyshore,jerseyshore,apa,6981022898,6946820998,Toms River  holiday city senior development,https://jerseyshore.craigslist.org/apa/d/bayville-toms-river-holiday-city-senior/6981022898.html,2019-09-30,13:01,$1350,toms river,True,None,2,None
New_Jersey,jerseyshore,jerseyshore,apa,6975499159,None,- APARTMENT FOR RENT,https://jerseyshore.craigslist.org/apa/d/jersey-city-apartment-for-rent/6975499159.html,2019-09-30,12:53,$570,jersey shore,True,None,1,None
New_Jersey,jerseyshore,jerseyshore,apa,6971972094,6947165072,1 bedroom apartment,https://jerseyshore.craigslist.org/apa/d/ocean-grove-1-bedroom-apartment/6971972094.html,2019-09-30,12:47,$1495,Asbury Park,True,None,1,None
New_Jersey,jerseyshore,jerseyshore,apa,6989650813,None,ENJOY THIS PEACEFUL TROPICAL ENVIRONMENT!!,https://jerseyshore.craigslist.org/apa/d/atlantic-city-enjoy-this-peaceful/6989650813.html,2019-09-30,12:46,$1250,"Atlantic City, NJ",True,None,2,None
New_Jersey,jerseyshore,jerseyshore,apa,6979760907,None,3 story house 3 blocks from beach,https://jerseyshore.craigslist.org/apa/d/ocean-grove-3-story-house-3-blocks-from/6979760907.html,2019-09-30,12:46,$3700,Asbury Park,True,None,4,None
New_Jersey,jerseyshore,jerseyshore,apa,6973138413,None,Annual or Winter ~Downtown Asbury & OG Beach!~~,https://jerseyshore.craigslist.org/apa/d/ocean-grove-annual-or-winter-downtown/6973138413.html,2019-09-30,12:42,$1350,"Asbury Park ( downtown), NJ",True,None,1,None
New_Jersey,jerseyshore,jerseyshore,apa,6983898635,None,Seaside Park - Year Round!!! 2BR - Utilities Incl.,https://jerseyshore.craigslist.org/apa/d/seaside-park-seaside-park-year-round/6983898635.html,2019-09-30,12:33,$1500,Seaside Park,True,None,2,1000ft2
New_Jersey,jerseyshore,jerseyshore,apa,6972573212,4864332542,"Spacious 2 bedroom, yearly rental. $1750 (Heat/hot water included)",https://jerseyshore.craigslist.org/apa/d/spring-lake-spacious-2-bedroom-yearly/6972573212.html,2019-09-30,12:15,$1750,Spring Lake Heights,True,None,2,1000ft2
New_Jersey,jerseyshore,jerseyshore,apa,6989611427,None,Inexpensive Renovated 3 Bdrm House_!WE HAVE OPTIONS!,https://jerseyshore.craigslist.org/apa/d/atlantic-city-inexpensive-renovated-3/6989611427.html,2019-09-30,12:14,$500,neptune,True,None,2,835ft2
New_Jersey,jerseyshore,jerseyshore,apa,6989539149,None,"3 bed.room, 2 bath_ROOM HOUSE WITH SEPARATE Shower!",https://jerseyshore.craigslist.org/apa/d/jersey-shore-3-bedroom-2-bathroom-house/6989539149.html,2019-09-30,12:04,$700,jersey shore >,True,None,None,None
New_Jersey,jerseyshore,jerseyshore,apa,6989539128,None,"3 bed.room, 2 bath_ROOM HOUSE WITH SEPARATE Shower!",https://jerseyshore.craigslist.org/apa/d/jersey-shore-3-bedroom-2-bathroom-house/6989539128.html,2019-09-30,12:04,$700,jersey shore >,True,None,None,None
New_Jersey,jerseyshore,jerseyshore,apa,6989584889,None,One bedroom Availawasreuable with Washear/ Dryear inq Unit!,https://jerseyshore.craigslist.org/apa/d/toms-river-one-bedroom-availawasreuable/6989584889.html,2019-09-30,11:58,$701,"Matawan, NJ",False,None,1,None
New_Jersey,jerseyshore,jerseyshore,apa,6985005985,None,Winter Rental 3 Bedroom 2 Bathroom,https://jerseyshore.craigslist.org/apa/d/point-pleasant-beach-winter-rental-3/6985005985.html,2019-09-30,11:47,$1500,Point Pleasant,True,None,3,None
New_Jersey,jerseyshore,jerseyshore,apa,6980379365,None,3.5bath/3 bedroom Home Jersey Shore,https://jerseyshore.craigslist.org/apa/d/35bath-3-bedroom-home-jersey-shore/6980379365.html,2019-09-30,11:45,$904,Berlin,False,None,3,1531ft2
New_Jersey,jerseyshore,jerseyshore,apa,6989539146,None,"3 bed.room, 2 bath_ROOM HOUSE WITH SEPARATE Shower!",https://jerseyshore.craigslist.org/apa/d/jersey-shore-3-bedroom-2-bathroom-house/6989539146.html,2019-09-30,11:37,$700,jersey shore >,True,None,None,None
New_Jersey,jerseyshore,jerseyshore,apa,6989600395,6483026182,Save Up To $2835 On Select Townhomes!,https://jerseyshore.craigslist.org/apa/d/cologne-save-up-to-2835-on-select/6989600395.html,2019-09-30,11:30,$0,Mays Landing,True,None,3,None
New_Jersey,jerseyshore,jerseyshore,apa,6989584960,None,Coueuazy Newenoueaeva 2 bedroom Beachtown Yearly Rental,https://jerseyshore.craigslist.org/apa/d/toms-river-coueuazy-newenoueaeva-2/6989584960.html,2019-09-30,11:27,$800,Belmar,False,None,2,None
New_Jersey,jerseyshore,jerseyshore,apa,6989589816,6483026182,Save Up To $2835 On Select Townhouses!,https://jerseyshore.craigslist.org/apa/d/cologne-save-up-to-2835-on-select/6989589816.html,2019-09-30,11:19,$0,Mays Landing,True,None,3,None
New_Jersey,jerseyshore,jerseyshore,apa,6989591008,6481035985,Save Up To $3224 On Select Apartments!,https://jerseyshore.craigslist.org/apa/d/cologne-save-up-to-3224-on-select/6989591008.html,2019-09-30,11:19,$0,Mays Landing,True,None,2,None
New_Jersey,jerseyshore,jerseyshore,apa,6989590685,6483044254,Save Up To $3224 On Select Apartments!,https://jerseyshore.craigslist.org/apa/d/cologne-save-up-to-3224-on-select/6989590685.html,2019-09-30,11:18,$0,Mays Landing,True,None,1,None
New_Jersey,jerseyshore,jerseyshore,apa,6985663874,None,One bedroom Greatonmounre apartment for rent,https://jerseyshore.craigslist.org/apa/d/toms-river-one-bedroom-greatonmounre/6985663874.html,2019-09-30,11:11,$750,Long Branch,False,None,1,None
New_Jersey,jerseyshore,jerseyshore,apa,6985661617,None,One bedroom Availawasreable with Washear/ Dryear inq Unit!,https://jerseyshore.craigslist.org/apa/d/toms-river-one-bedroom-availawasreable/6985661617.html,2019-09-30,11:10,$701,"Matawan, NJ",False,None,1,None
New_Jersey,jerseyshore,jerseyshore,apa,6985664275,None,Coueazy Newenoueaeva 2 bedroom Beachtown Yearly Rental,https://jerseyshore.craigslist.org/apa/d/toms-river-coueazy-newenoueaeva-2/6985664275.html,2019-09-30,11:10,$800,Belmar,False,None,2,None
New_Jersey,jerseyshore,jerseyshore,apa,6981222768,None,Cosy Home with perfectly finished basement & Private Back Yard!,https://jerseyshore.craigslist.org/apa/d/atlantic-city-cosy-home-with-perfectly/6981222768.html,2019-09-30,11:08,$640,neptune,True,None,2,665ft2
New_Jersey,jerseyshore,jerseyshore,apa,6984616692,None,1 Bedroom Lacey,https://jerseyshore.craigslist.org/apa/d/lanoka-harbor-1-bedroom-lacey/6984616692.html,2019-09-30,11:07,$1000,Lanoka Harbor,True,None,1,None
New_Jersey,jerseyshore,jerseyshore,apa,6983757931,4892603429,BELMAR INN HOTEL ROOMS FOR WEEKLY /MONTHLY RENTALS,https://jerseyshore.craigslist.org/apa/d/belmar-belmar-inn-hotel-rooms-for/6983757931.html,2019-09-30,10:58,$300,Belmar,False,None,None,None
New_Jersey,jerseyshore,jerseyshore,apa,6983757136,4892603429,BELMAR INN HOTEL ROOMS FOR WEEKLY /MONTHLY RENTALS,https://jerseyshore.craigslist.org/apa/d/belmar-belmar-inn-hotel-rooms-for/6983757136.html,2019-09-30,10:58,$300,Belmar,False,None,None,None
New_Jersey,jerseyshore,jerseyshore,apa,6983756304,4892603429,BELMAR INN HOTEL ROOMS FOR WEEKLY /MONTHLY RENTALS,https://jerseyshore.craigslist.org/apa/d/belmar-belmar-inn-hotel-rooms-for/6983756304.html,2019-09-30,10:58,$300,Belmar,False,None,None,None
New_Jersey,jerseyshore,jerseyshore,apa,6970852630,4892603429,BELMAR INN HOTEL ROOMS FOR WEEKLY /MONTHLY RENTALS,https://jerseyshore.craigslist.org/apa/d/belmar-belmar-inn-hotel-rooms-for/6970852630.html,2019-09-30,10:58,$300,Belmar,False,None,1,None
New_Jersey,jerseyshore,jerseyshore,apa,6970850826,4892603429,BELMAR INN HOTEL ROOMS FOR WEEKLY /MONTHLY RENTALS,https://jerseyshore.craigslist.org/apa/d/belmar-belmar-inn-hotel-rooms-for/6970850826.html,2019-09-30,10:57,$300,Belmar,False,None,1,None
New_Jersey,jerseyshore,jerseyshore,apa,6989544345,4879038032,Right Near AC! Come Live At Sunrise Bay!,https://jerseyshore.craigslist.org/apa/d/right-near-ac-come-live-at-sunrise-bay/6989544345.html,2019-09-30,10:23,$0,Galloway,False,None,2,None
New_Jersey,jerseyshore,jerseyshore,apa,6989543966,4879038032,Come Live at Sunrise Bay! Super Convenient Location!,https://jerseyshore.craigslist.org/apa/d/come-live-at-sunrise-bay-super/6989543966.html,2019-09-30,10:22,$0,Galloway,False,None,3,None
New_Jersey,jerseyshore,jerseyshore,apa,6989540782,None,Intro Offer NO DEPOSIT STUDIO,https://jerseyshore.craigslist.org/apa/d/red-bank-intro-offer-no-deposit-studio/6989540782.html,2019-09-30,10:18,$1817,None,True,None,1,None
New_Jersey,jerseyshore,jerseyshore,apa,6989474363,None,VACANCY in this luxury apartment!!,https://jerseyshore.craigslist.org/apa/d/bradley-beach-vacancy-in-this-luxury/6989474363.html,2019-09-30,09:56,$900,"Bradley Beach, NJ",True,None,2,None
New_Jersey,jerseyshore,jerseyshore,apa,6986489343,4882628637,Newly Renovated 1BR on 7th Ave!,https://jerseyshore.craigslist.org/apa/d/allenhurst-newly-renovated-1br-on-7th/6986489343.html,2019-09-30,09:40,$1466,320 7th Avenue,True,None,1,725ft2
New_Jersey,jerseyshore,jerseyshore,apa,6985613389,4882628637,Top Floor 1BR with Private Balcony on Sunset Lake!,https://jerseyshore.craigslist.org/apa/d/ocean-grove-top-floor-1br-with-private/6985613389.html,2019-09-30,09:40,$1400,510 5th Avenue,True,None,1,725ft2
New_Jersey,jerseyshore,jerseyshore,apa,6970653455,4882628637,1 BR with Private Patio Across From Sunset Lake,https://jerseyshore.craigslist.org/apa/d/ocean-grove-1-br-with-private-patio/6970653455.html,2019-09-30,09:40,$1675,404 5th Avenue,True,None,1,725ft2
New_Jersey,jerseyshore,jerseyshore,apa,6970348469,4882628637,Newly Renovated Lakefront 1BR Now Available!,https://jerseyshore.craigslist.org/apa/d/ocean-grove-newly-renovated-lakefront/6970348469.html,2019-09-30,09:40,$1422,510 5th Avenue,True,None,1,725ft2
New_Jersey,jerseyshore,jerseyshore,apa,6970348248,4882628637,1BR With Amazing Lake Views!,https://jerseyshore.craigslist.org/apa/d/allenhurst-1br-with-amazing-lake-views/6970348248.html,2019-09-30,09:40,$1605,211 1st Avenue,True,None,1,725ft2
New_Jersey,jerseyshore,jerseyshore,apa,6970349153,4882628637,Newly Renovated 1BR on 7th Ave!,https://jerseyshore.craigslist.org/apa/d/allenhurst-newly-renovated-1br-on-7th/6970349153.html,2019-09-30,09:40,$1511,320 7th Avenue,True,None,1,715ft2
New_Jersey,jerseyshore,jerseyshore,apa,6980639038,4882628637,Top Floor 1 BR Available in Long Branch!,https://jerseyshore.craigslist.org/apa/d/long-branch-top-floor-1-br-available-in/6980639038.html,2019-09-30,09:40,$1555,240 Long Branch Avenue,True,None,1,725ft2
New_Jersey,jerseyshore,jerseyshore,apa,6987576569,4882628637,1 BR with Direct Ocean Views on 7th Ave,https://jerseyshore.craigslist.org/apa/d/allenhurst-1-br-with-direct-ocean-views/6987576569.html,2019-09-30,09:40,$1775,210 7th Ave,True,None,1,725ft2
New_Jersey,jerseyshore,jerseyshore,apa,6987600190,4882628637,Top Floor 1BR in Asbury Park's Northeast End.,https://jerseyshore.craigslist.org/apa/d/allenhurst-top-floor-1br-in-asbury/6987600190.html,2019-09-30,09:40,$1511,315 8th Avenue,True,None,1,725ft2
New_Jersey,jerseyshore,jerseyshore,apa,6986198417,4882628637,Top Floor 1BR with Sunset Lake Views!,https://jerseyshore.craigslist.org/apa/d/ocean-grove-top-floor-1br-with-sunset/6986198417.html,2019-09-30,09:40,$1725,404 5th Ave,True,None,1,725ft2
New_Jersey,jerseyshore,jerseyshore,apa,6986446097,4882628637,Studio with Private Balcony Available in October!,https://jerseyshore.craigslist.org/apa/d/allenhurst-studio-with-private-balcony/6986446097.html,2019-09-30,09:40,$1200,410 8th Avenue,True,None,None,650ft2
New_Jersey,jerseyshore,jerseyshore,apa,6985504161,6935290428,Pooch Paradise,https://jerseyshore.craigslist.org/apa/d/largo-pooch-paradise/6985504161.html,2019-09-30,09:34,$795,largo,False,None,1,600ft2
New_Jersey,jerseyshore,jerseyshore,apa,6969085000,6935267919,Cheval's Luxury Golf Course Residence,https://jerseyshore.craigslist.org/apa/d/lutz-chevals-luxury-golf-course/6969085000.html,2019-09-30,09:34,$6950,Lutz,True,None,5,6500ft2
New_Jersey,jerseyshore,jerseyshore,apa,6986896022,None,Studio Apt on the Beach $1250,https://jerseyshore.craigslist.org/apa/d/belmar-studio-apt-on-the-beach-1250/6986896022.html,2019-09-30,09:26,$1250,Belmar,True,None,None,None
New_Jersey,jerseyshore,jerseyshore,apa,6986169129,None,"WASHER/DRYER IN UNIT!!! 3 br avaiľabľe with 1.5Ba, Basement & Garage",https://jerseyshore.craigslist.org/apa/d/cape-may-washer-dryer-in-unit-3-br/6986169129.html,2019-09-30,09:17,$900,"Erma, NJ",True,None,3,None
New_Jersey,jerseyshore,jerseyshore,apa,6989477775,6802250572,Stainless Steel Appliances Full Size Washer and Dryer! Pet Friendly!,https://jerseyshore.craigslist.org/apa/d/toms-river-stainless-steel-appliances/6989477775.html,2019-09-30,09:13,$2895,None,True,None,3,None
New_Jersey,jerseyshore,jerseyshore,apa,6979626703,6508695598,House for Rent - $1600,https://jerseyshore.craigslist.org/apa/d/island-heights-house-for-rent/6979626703.html,2019-09-30,09:12,$1600,Toms river,True,None,2,None
New_Jersey,jerseyshore,jerseyshore,apa,6973581325,None,Two Bedroom Duplex - Ocean- Lake View,https://jerseyshore.craigslist.org/apa/d/ocean-grove-two-bedroom-duplex-ocean/6973581325.html,2019-09-30,09:06,$2500,Ocean Grove,True,None,2,1000ft2
New_Jersey,jerseyshore,jerseyshore,apa,6989491364,None,"Plenty of Space, Call to See Section 8 taken",https://jerseyshore.craigslist.org/apa/d/ocean-gate-plenty-of-space-call-to-see/6989491364.html,2019-09-30,09:03,$1950,Ocean Gate,True,None,4,None
New_Jersey,jerseyshore,jerseyshore,apa,6989477004,6817504738,Pet Friendly! Come take a tour! Limited availability!,https://jerseyshore.craigslist.org/apa/d/toms-river-pet-friendly-come-take-tour/6989477004.html,2019-09-30,09:03,$2850,None,True,None,3,None
New_Jersey,jerseyshore,jerseyshore,apa,6989485326,None,***FALL SPECIALS*** COASTAL LIVING WITH GREAT SCHOOL SYSTEM,https://jerseyshore.craigslist.org/apa/d/oakhurst-fall-specials-coastal-living/6989485326.html,2019-09-30,09:00,$1085,"OCEAN, NJ",True,None,1,None
New_Jersey,jerseyshore,jerseyshore,apa,6989455484,None,BRAND NEW 2 BEDROOM 1 BATHROOM,https://jerseyshore.craigslist.org/apa/d/brand-new-2-bedroom-1-bathroom/6989455484.html,2019-09-30,08:47,$750,Tuckerton,True,None,2,None
New_Jersey,jerseyshore,jerseyshore,apa,6989478866,None,"Right Around the Corner, Near Everywhere You Want to Be!",https://jerseyshore.craigslist.org/apa/d/matawan-right-around-the-corner-near/6989478866.html,2019-09-30,08:35,$2310,Keyport,True,None,2,1300ft2
New_Jersey,jerseyshore,jerseyshore,apa,6989476754,6805936010,Luxury All Around! Bring Your Pets!,https://jerseyshore.craigslist.org/apa/d/toms-river-luxury-all-around-bring-your/6989476754.html,2019-09-30,08:30,$2375,None,True,None,2,None
New_Jersey,jerseyshore,jerseyshore,apa,6989471665,None,"City Living at it's Finest! Spacious 3 bedroom, 2 bath flat in AC!",https://jerseyshore.craigslist.org/apa/d/ventnor-city-city-living-at-its-finest/6989471665.html,2019-09-30,08:16,$1500,South Side Atlantic City!,False,None,3,None
New_Jersey,jerseyshore,jerseyshore,apa,6982699578,6939198286,Rent/Rent to Own/Purchase: Expanded Cape w/ Great Schools & Pool!,https://jerseyshore.craigslist.org/apa/d/bernardsville-rent-rent-to-own-purchase/6982699578.html,2019-09-30,07:40,$3600,Bernardsville,True,None,3,2280ft2
New_Jersey,jerseyshore,jerseyshore,apa,6971923951,None,"1 BEDROOM, NEAT AND CLEAN",https://jerseyshore.craigslist.org/apa/d/seaside-heights-1-bedroom-neat-and-clean/6971923951.html,2019-09-30,07:38,$945,SEASIDE HEIGHTS,True,None,None,None
New_Jersey,jerseyshore,jerseyshore,apa,6969897680,None,***AVAILABLE NOW***5 bedroom HOUSE ON QUIET STREET,https://jerseyshore.craigslist.org/apa/d/waretown-available-now5-bedroom-house/6969897680.html,2019-09-30,06:56,$1800,Barnegat,True,None,5,1800ft2
New_Jersey,jerseyshore,jerseyshore,apa,6989294734,None,"1,356 Sq. Ft. Studio/ OPEN HOUSE SEPTEMBER 30, 2019 10 A.M. - 6 P.M.",https://jerseyshore.craigslist.org/apa/d/toms-river-1356-sq-ft-studio-open-house/6989294734.html,2019-09-29,19:43,$800,"Toms River, NJ",False,None,2,1356ft2
New_Jersey,jerseyshore,jerseyshore,apa,6989278898,None,"Annual Rental Point Pleasant Beach, NJ",https://jerseyshore.craigslist.org/apa/d/point-pleasant-beach-annual-rental/6989278898.html,2019-09-29,19:09,$1500,Point Pleasant Beach,True,None,2,None
New_Jersey,jerseyshore,jerseyshore,apa,6984221746,None,One Bedroom -Ocean View,https://jerseyshore.craigslist.org/apa/d/ocean-grove-one-bedroom-ocean-view/6984221746.html,2019-09-29,18:50,$1550,Ocean Grove,True,None,1,650ft2
New_Jersey,jerseyshore,jerseyshore,apa,6987795711,6837939202,ROOM 4 rent in private house,https://jerseyshore.craigslist.org/apa/d/deal-room-4-rent-in-private-house/6987795711.html,2019-09-29,18:25,$700,"LONG BRANCH, ELBERON, DEAL NJ",False,None,1,None
New_Jersey,jerseyshore,jerseyshore,apa,6989213749,6652885961,"$1150/ 1BR APT. FREE GAS, HEAT, WATER, PARKING. POOL",https://jerseyshore.craigslist.org/apa/d/eatontown-br-apt-free-gas-heat-water/6989213749.html,2019-09-29,17:15,$1150,Eatontown,False,None,1,None
New_Jersey,jerseyshore,jerseyshore,apa,6989180834,None,Perfect location for anyone who likes to shop or travel or beaches!,https://jerseyshore.craigslist.org/apa/d/neptune-perfect-location-for-anyone-who/6989180834.html,2019-09-29,16:23,$1875,None,True,None,None,None
New_Jersey,jerseyshore,jerseyshore,apa,6989179943,None,Two bedrooms ready now! Rent it! Apply online!,https://jerseyshore.craigslist.org/apa/d/neptune-two-bedrooms-ready-now-rent-it/6989179943.html,2019-09-29,16:22,$2000,None,True,None,None,None
New_Jersey,jerseyshore,jerseyshore,apa,6989159253,6927324867,"ONE BEDROOM ,  ONE BATH",https://jerseyshore.craigslist.org/apa/d/lakewood-one-bedroom-one-bath/6989159253.html,2019-09-29,15:50,$1100,LAKEWOOD,True,None,1,800ft2
New_Jersey,jerseyshore,jerseyshore,apa,6989134306,None,Experience Jumping Brook today!,https://jerseyshore.craigslist.org/apa/d/neptune-experience-jumping-brook-today/6989134306.html,2019-09-29,15:45,$1425,Neptune City,True,None,None,794ft2
New_Jersey,jerseyshore,jerseyshore,apa,6974184651,6712956866,"***OCEAN CITY, NJ WINTER RENTAL***",https://jerseyshore.craigslist.org/apa/d/longport-ocean-city-nj-winter-rental/6974184651.html,2019-09-29,15:38,$2400,"Ocean City, NJ",True,None,4,None
New_Jersey,jerseyshore,jerseyshore,apa,6989142264,None,1 bedroom apt for rent,https://jerseyshore.craigslist.org/apa/d/monmouth-beach-1-bedroom-apt-for-rent/6989142264.html,2019-09-29,15:28,$1250,Long Branch,True,None,1,None
New_Jersey,jerseyshore,jerseyshore,apa,6969241843,None,3 bedroom ranch Now Available Oct. 1,https://jerseyshore.craigslist.org/apa/d/point-pleasant-beach-3-bedroom-ranch/6969241843.html,2019-09-29,14:51,$1800,Point Pleasant Boro,True,None,3,1300ft2
New_Jersey,jerseyshore,jerseyshore,apa,6989084221,None,Pets are welcome here! Pet friendly!,https://jerseyshore.craigslist.org/apa/d/neptune-pets-are-welcome-here-pet/6989084221.html,2019-09-29,14:01,$2000,None,True,None,None,None
New_Jersey,jerseyshore,jerseyshore,apa,6977940745,5409780277,PRIVATE OWNER CURRENTLY 2-6 BEDROOMS AVAIL IN NORTHUMBERLAND COUNTY,https://jerseyshore.craigslist.org/apa/d/private-owner-currently-2-6-bedrooms/6977940745.html,2019-09-29,14:00,$595,PETS OK-GARAGE-LRG YARD-FREE RENT!,True,None,6,None
New_Jersey,jerseyshore,jerseyshore,apa,6980439328,None,NEW KITCHEN,https://jerseyshore.craigslist.org/apa/d/keansburg-new-kitchen/6980439328.html,2019-09-29,14:00,$1775,Keansburg,True,None,3,None
New_Jersey,jerseyshore,jerseyshore,apa,6978469357,4677782685,A Steal!! winter rental-large house wraparound porch,https://jerseyshore.craigslist.org/apa/d/bradley-beach-steal-winter-rental-large/6978469357.html,2019-09-29,13:39,$1595,Bradley Beach,True,None,3,2255ft2
New_Jersey,jerseyshore,jerseyshore,apa,6989058718,6362944823,COZY COTTAGE- 1/2 DUPLEX--FENCED YRD..GREAT AREA-pri-park,https://jerseyshore.craigslist.org/apa/d/jackson-cozy-cottage-1-2-duplex-fenced/6989058718.html,2019-09-29,13:24,$1595,JACKSON,True,None,3,1000ft2
New_Jersey,jerseyshore,jerseyshore,apa,6989054250,6368045169,CUTE COTTAGE- 1/2 DUPLEX--FENCED YRD..GREAT AREA-pri-park,https://jerseyshore.craigslist.org/apa/d/jackson-cute-cottage-1-2-duplex-fenced/6989054250.html,2019-09-29,13:18,$1595,JACKSON,True,None,3,1000ft2
New_Jersey,jerseyshore,jerseyshore,apa,6982453032,4829346145,4 Bedroom Apt -Winter Rental,https://jerseyshore.craigslist.org/apa/d/4-bedroom-apt-winter-rental/6982453032.html,2019-09-29,13:08,$1100,12th Ave Belmar,True,None,4,None
New_Jersey,jerseyshore,jerseyshore,apa,6982453334,4839169829,3 BR Apartment- Winter Rental,https://jerseyshore.craigslist.org/apa/d/belmar-3-br-apartment-winter-rental/6982453334.html,2019-09-29,13:08,$1100,"Belmar, NJ",True,None,3,None
New_Jersey,jerseyshore,jerseyshore,apa,6982152858,None,"3 bed, 1 remodeled bath, 1100 sq ft",https://jerseyshore.craigslist.org/apa/d/lanoka-harbor-3-bed-1-remodeled-bath/6982152858.html,2019-09-29,12:36,$1800,Forked River,True,None,3,1100ft2
New_Jersey,jerseyshore,jerseyshore,apa,6988998287,None,Welcome To Your New Home!,https://jerseyshore.craigslist.org/apa/d/neptune-welcome-to-your-new-home/6988998287.html,2019-09-29,12:31,$1425,Neptune City,True,None,None,794ft2
New_Jersey,jerseyshore,jerseyshore,apa,6989011391,None,"Lux Beach Apt, Utilities Inc! 2 Bed + Home Office / 3 Bed Remodeled!",https://jerseyshore.craigslist.org/apa/d/brielle-lux-beach-apt-utilities-inc-2/6989011391.html,2019-09-29,12:17,$1780,Point Pleasant Beach,True,None,2,800ft2
New_Jersey,jerseyshore,jerseyshore,apa,6989004134,None,Reduced!!  Winter Rental Furnished Ocean Front Home,https://jerseyshore.craigslist.org/apa/d/seaside-park-reduced-winter-rental/6989004134.html,2019-09-29,12:12,$1250,Seaside Park,True,None,3,1480ft2
New_Jersey,jerseyshore,jerseyshore,apa,6989002769,None,3 Bedroom apt.,https://jerseyshore.craigslist.org/apa/d/manahawkin-3-bedroom-apt/6989002769.html,2019-09-29,12:02,$1575,Manahawkin--Ocean Acres,False,None,3,1100ft2
New_Jersey,jerseyshore,jerseyshore,apa,6989001110,None,"Are you ready for a turnkey, maintenance free lifestyle? Call today!",https://jerseyshore.craigslist.org/apa/d/matawan-are-you-ready-for-turnkey/6989001110.html,2019-09-29,11:59,$1995,Marlboro,True,None,1,1003ft2
New_Jersey,jerseyshore,jerseyshore,apa,6988980723,4879038032,Right Near AC! Come Live At Sunrise Bay!,https://jerseyshore.craigslist.org/apa/d/right-near-ac-come-live-at-sunrise-bay/6988980723.html,2019-09-29,11:26,$0,Galloway,False,None,2,None
New_Jersey,jerseyshore,jerseyshore,apa,6987255081,None,Ocean City-Winter Rental-Beautiful Condo on Boardwalk-with Ocean Views,https://jerseyshore.craigslist.org/apa/d/ocean-city-ocean-city-winter-rental/6987255081.html,2019-09-29,11:04,$850,"Ocean City,NJ",True,None,1,750ft2
New_Jersey,jerseyshore,jerseyshore,apa,6988966536,None,Spring Lake New Jersey,https://jerseyshore.craigslist.org/apa/d/spring-lake-spring-lake-new-jersey/6988966536.html,2019-09-29,11:03,$1300,Spring Lake,True,None,2,None
New_Jersey,jerseyshore,jerseyshore,apa,6978920297,6926455227,1 Bedroom Apartment on beautiful Bay Avenue,https://jerseyshore.craigslist.org/apa/d/highlands-1-bedroom-apartment-on/6978920297.html,2019-09-29,10:50,$1150,"Highlands, NJ",True,None,1,None
New_Jersey,jerseyshore,jerseyshore,apa,6974449317,None,Winter Rental,https://jerseyshore.craigslist.org/apa/d/lavallette-winter-rental/6974449317.html,2019-09-29,10:30,$1200,Lavallette NJ,True,None,2,None
New_Jersey,jerseyshore,jerseyshore,apa,6985511975,None,** YOU'LL LOVE IT - UTILITY'S INCLUDED 5 HOUSE FROM BEACH / CLEAN COZY,https://jerseyshore.craigslist.org/apa/d/seaside-heights-youll-love-it-utilitys/6985511975.html,2019-09-29,10:28,$1500,SEASIDE HEIGHTS NORTH,True,None,3,1600ft2
New_Jersey,jerseyshore,jerseyshore,apa,6969129568,6914660948,4 BR with Extra 2 BR Apt.,https://jerseyshore.craigslist.org/apa/d/atlantic-city-4-br-with-extra-2-br-apt/6969129568.html,2019-09-29,10:15,$1795,Atl. City - Venice Park Section,False,None,4,None
New_Jersey,jerseyshore,jerseyshore,apa,6972627374,None,Low Rent for Manager(s),https://jerseyshore.craigslist.org/apa/d/atlantic-city-low-rent-for-managers/6972627374.html,2019-09-29,10:14,$200,Atlantic City,False,None,None,None
New_Jersey,jerseyshore,jerseyshore,apa,6988928196,6982403765,"2 BR plus loft, 2 BA available for Rent in Raintree (Freehold, NJ)",https://jerseyshore.craigslist.org/apa/d/freehold-2-br-plus-loft-2-ba-available/6988928196.html,2019-09-29,09:50,$2000,None,True,None,2,1293ft2
New_Jersey,jerseyshore,jerseyshore,apa,6988927931,6982403765,"2 BR plus loft, 2 BA available for Rent in Raintree (Freehold, NJ)",https://jerseyshore.craigslist.org/apa/d/freehold-2-br-plus-loft-2-ba-available/6988927931.html,2019-09-29,09:49,$2000,None,True,None,2,1293ft2
New_Jersey,jerseyshore,jerseyshore,apa,6988923275,None,SEASIDE HEIGHTS 2 BEDROOM ANNUAL RENTAL,https://jerseyshore.craigslist.org/apa/d/seaside-heights-seaside-heights-2/6988923275.html,2019-09-29,09:39,$1500,SEASIDE HEIGHTS,True,None,2,775ft2
New_Jersey,jerseyshore,jerseyshore,apa,6988919420,None,2nd Floor Apt. for Rent,https://jerseyshore.craigslist.org/apa/d/bridgewater-2nd-floor-apt-for-rent/6988919420.html,2019-09-29,09:30,$1700,Somerville,True,None,2,None
New_Jersey,jerseyshore,jerseyshore,apa,6985233494,None,One bedroom apartment for rent,https://jerseyshore.craigslist.org/apa/d/long-branch-one-bedroom-apartment-for/6985233494.html,2019-09-29,09:26,$1200,Long Branch,True,None,1,460ft2
New_Jersey,jerseyshore,jerseyshore,apa,6988898177,6806179899,Leasing now! Limited availability! Call to inquire!,https://jerseyshore.craigslist.org/apa/d/toms-river-leasing-now-limited/6988898177.html,2019-09-29,09:12,$2375,None,True,None,2,None
New_Jersey,jerseyshore,jerseyshore,apa,6988905137,None,"Gorgeous 3 Bedroom, 2.5 Bath Townhome",https://jerseyshore.craigslist.org/apa/d/trenton-gorgeous-3-bedroom-25-bath/6988905137.html,2019-09-29,08:53,$2200,Robbinsville,True,None,3,1460ft2
New_Jersey,jerseyshore,jerseyshore,apa,6975677028,4806546083,"SF 3BR/3BA SUMMER RENTAL, Pets OK, Beach Blk",https://jerseyshore.craigslist.org/apa/d/ocean-grove-sf-3br-3ba-summer-rental/6975677028.html,2019-09-29,08:49,$2800,"Ocean Grove, NJ",True,None,3,None
New_Jersey,jerseyshore,jerseyshore,apa,6988897967,6808196398,Brand new Luxury Community close to everything!,https://jerseyshore.craigslist.org/apa/d/toms-river-brand-new-luxury-community/6988897967.html,2019-09-29,08:46,$3295,None,True,None,3,None
New_Jersey,jerseyshore,jerseyshore,apa,6988898356,6801823935,3 BR 2.5 Bath Available! Call for More!,https://jerseyshore.craigslist.org/apa/d/toms-river-3-br-25-bath-available-call/6988898356.html,2019-09-29,08:39,$2850,None,True,None,3,None
New_Jersey,jerseyshore,jerseyshore,apa,6988900020,6851805915,WINTER RENTAL OCTOBER 2019 TO MAY 2020,https://jerseyshore.craigslist.org/apa/d/seaside-heights-winter-rental-october/6988900020.html,2019-09-29,08:37,$1100,ORTLEY  BEACH  NJ,True,None,2,None
New_Jersey,jerseyshore,jerseyshore,apa,6980795173,None,Beautiful Bishop Arts Remodel.,https://jerseyshore.craigslist.org/apa/d/toms-river-beautiful-bishop-arts-remodel/6980795173.html,2019-09-29,08:03,$2000,jersey shore,True,None,None,None
New_Jersey,jerseyshore,jerseyshore,apa,6988885268,6481035985,Save Up To $2835 On Select Townhomes!,https://jerseyshore.craigslist.org/apa/d/cologne-save-up-to-2835-on-select/6988885268.html,2019-09-29,07:36,$0,Mays Landing,True,None,3,None
New_Jersey,jerseyshore,jerseyshore,apa,6988884720,6481035985,Save Up To $3224 On Select Apartments!,https://jerseyshore.craigslist.org/apa/d/cologne-save-up-to-3224-on-select/6988884720.html,2019-09-29,07:34,$0,Mays Landing,True,None,1,None
New_Jersey,jerseyshore,jerseyshore,apa,6988884526,6483044254,Save Up To $2835 On Select Townhomes!,https://jerseyshore.craigslist.org/apa/d/cologne-save-up-to-2835-on-select/6988884526.html,2019-09-29,07:32,$0,Mays Landing,True,None,3,None
New_Jersey,jerseyshore,jerseyshore,apa,6988882602,6483026182,Save Up To $3224 On Select Apartments!,https://jerseyshore.craigslist.org/apa/d/cologne-save-up-to-3224-on-select/6988882602.html,2019-09-29,07:21,$0,Mays Landing,True,None,1,None
New_Jersey,jerseyshore,jerseyshore,apa,6981809245,6927428745,"WEEKLY to 4/30/20, 4 car parking, 1 block to beach, a/c, w/d",https://jerseyshore.craigslist.org/apa/d/sea-girt-weekly-to-car-parking-1-block/6981809245.html,2019-09-29,00:00,$700,MANASQUAN,True,None,4,None
New_Jersey,jerseyshore,jerseyshore,apa,6988816687,5207601286,large  Monmouth county End unit Townhouse  furnished beds  2 1/2 baths,https://jerseyshore.craigslist.org/apa/d/large-monmouth-county-end-unit/6988816687.html,2019-09-28,22:54,$2400,Tinton Falls,True,None,2,1800ft2
New_Jersey,jerseyshore,jerseyshore,apa,6988762829,5166712156,"1,100 option for one or two people...winter rental Avon By the Sea",https://jerseyshore.craigslist.org/apa/d/1100-option-for-one-or-two-peoplewinter/6988762829.html,2019-09-28,20:22,$1650,Avon by the Sea,False,None,3,None
New_Jersey,jerseyshore,jerseyshore,apa,6969929942,None,YEARLY  Rental -- Large 2 Br  with BAY VIEWS,https://jerseyshore.craigslist.org/apa/d/brigantine-yearly-rental-large-2-br/6969929942.html,2019-09-28,20:04,$1200,BRIGANTINE,True,None,2,None
New_Jersey,jerseyshore,jerseyshore,apa,6983889688,None,WINTER Rental  - 1 Br condo near beach,https://jerseyshore.craigslist.org/apa/d/brigantine-winter-rental-1-br-condo/6983889688.html,2019-09-28,20:03,$800,BRIGANTINE,True,None,1,None
New_Jersey,jerseyshore,jerseyshore,apa,6977804349,4873274379,Winter Rental-Newly lowered price. This home has wraparound porch,https://jerseyshore.craigslist.org/apa/d/bradley-beach-winter-rental-newly/6977804349.html,2019-09-28,19:01,$1595,Bradley Beach,True,None,3,2250ft2
New_Jersey,jerseyshore,jerseyshore,apa,6988682617,None,"Ready to Rent, Plenty of Space,  Call to see, Section 8 taken",https://jerseyshore.craigslist.org/apa/d/ocean-gate-ready-to-rent-plenty-of/6988682617.html,2019-09-28,17:52,$1950,Ocean Gate,True,None,4,None
New_Jersey,jerseyshore,jerseyshore,apa,6974532470,6242285344,1 Bedroom 700sq ft,https://jerseyshore.craigslist.org/apa/d/1-bedroom-700sq-ft/6974532470.html,2019-09-28,16:29,$1200,Deal,True,None,1,700ft2
New_Jersey,jerseyshore,jerseyshore,apa,6988617148,None,Offseason Rental,https://jerseyshore.craigslist.org/apa/d/wildwood-offseason-rental/6988617148.html,2019-09-28,16:16,$700,Wildwood,True,None,2,1100ft2
New_Jersey,jerseyshore,jerseyshore,apa,6988576122,None,1 and 2 bedrooms ready now! Come tour with us!!,https://jerseyshore.craigslist.org/apa/d/neptune-1-and-2-bedrooms-ready-now-come/6988576122.html,2019-09-28,15:23,$1695,None,True,None,None,None
New_Jersey,jerseyshore,jerseyshore,apa,6988556691,None,Beautiful home for rent,https://jerseyshore.craigslist.org/apa/d/freehold-beautiful-home-for-rent/6988556691.html,2019-09-28,14:58,$2800,Freehold,True,None,3,2000ft2
New_Jersey,jerseyshore,jerseyshore,apa,6986785585,None,"3BD RM APT+OFF.,INCL(WiF,500CH.TV,UTLS,LNDR,STORG)EASY PARKN,NEW PAINT",https://jerseyshore.craigslist.org/apa/d/allenhurst-3bd-rm/6986785585.html,2019-09-28,14:36,$1100,"306 Cedar Ave, Allenhurst, NJ",True,None,3,1608ft2
New_Jersey,jerseyshore,jerseyshore,apa,6988525712,6968511774,Furnished Huge 3 Bedroom w Parking&Backyard &Deck walk to Beach,https://jerseyshore.craigslist.org/apa/d/long-branch-furnished-huge-3-bedroom/6988525712.html,2019-09-28,14:21,$2500,Long Branch,True,None,3,None
New_Jersey,jerseyshore,jerseyshore,apa,6988507657,None,2 BR 1 Bath,https://jerseyshore.craigslist.org/apa/d/fort-monmouth-2-br-1-bath/6988507657.html,2019-09-28,14:00,$1500,Tinton Falls,True,None,2,1000ft2
New_Jersey,jerseyshore,jerseyshore,apa,6988484122,None,BELMAR WINTER 2BR HOUSE $890.,https://jerseyshore.craigslist.org/apa/d/belmar-belmar-winter-2br-house-890/6988484122.html,2019-09-28,13:42,$890,BELMAR,True,None,None,None
New_Jersey,jerseyshore,jerseyshore,apa,6988478270,None,Yearly Rental,https://jerseyshore.craigslist.org/apa/d/bradley-beach-yearly-rental/6988478270.html,2019-09-28,13:27,$1300,Bradley Beach,True,None,1,None
New_Jersey,jerseyshore,jerseyshore,apa,6985021089,None,Lovely and spacious 1 bed 1 bath for rent,https://jerseyshore.craigslist.org/apa/d/jersey-city-lovely-and-spacious-1-bed-1/6985021089.html,2019-09-28,13:22,$1125,"19 orchard St. APT 6 , Jersey city, NJ",True,None,1,550ft2
New_Jersey,jerseyshore,jerseyshore,apa,6988459213,None,Spacious 2 Bedroom 1-1/2 Bath w/garages *Pet Friendly*,https://jerseyshore.craigslist.org/apa/d/neptune-spacious-2-bedroom-bath-garages/6988459213.html,2019-09-28,13:06,$2075,Neptune,True,None,2,1100ft2
New_Jersey,jerseyshore,jerseyshore,apa,6988453633,None,Terrific studio,https://jerseyshore.craigslist.org/apa/d/red-bank-terrific-studio/6988453633.html,2019-09-28,13:00,$1750,Red Bank,True,None,None,600ft2
New_Jersey,jerseyshore,jerseyshore,apa,6988421140,None,winter rental,https://jerseyshore.craigslist.org/apa/d/monmouth-beach-winter-rental/6988421140.html,2019-09-28,12:24,$1550,monmouth beach,True,None,1,1200ft2
New_Jersey,jerseyshore,jerseyshore,apa,6969397967,None,"Office open Monday through Friday; 9:00 AM to 5:00 PM""Lakewood, NJ",https://jerseyshore.craigslist.org/apa/d/lakewood-office-open-monday-through/6969397967.html,2019-09-28,11:59,$530,"Lakewood, NJ",True,None,1,None
New_Jersey,jerseyshore,jerseyshore,apa,6969398145,None,"Office open Monday through Friday; 9:00 AM to 5:00 PM""Lakewood, NJ",https://jerseyshore.craigslist.org/apa/d/lakewood-office-open-monday-through/6969398145.html,2019-09-28,11:59,$530,"Lakewood, NJ",True,None,1,None
New_Jersey,jerseyshore,jerseyshore,apa,6988387880,None,Room with own private 1/2 bath,https://jerseyshore.craigslist.org/apa/d/brick-room-with-own-private-1-2-bath/6988387880.html,2019-09-28,11:43,$1000,brick,False,None,3,None
New_Jersey,jerseyshore,jerseyshore,apa,6988376201,6963708236,ANNUAL 1 BEDROOM-3 BLOCKS FROM BEACH-INCLUDES PARKING,https://jerseyshore.craigslist.org/apa/d/ocean-grove-annual-1-bedroom-3-blocks/6988376201.html,2019-09-28,11:29,$1750,ASBURY PARK,True,None,1,618ft2
New_Jersey,jerseyshore,jerseyshore,apa,6968569071,5409780277,PRIVATE OWNER CURRENTLY 2-6 BEDROOMS AVAIL IN NORTHUMBERLAND COUNTY,https://jerseyshore.craigslist.org/apa/d/private-owner-currently-2-6-bedrooms/6968569071.html,2019-09-28,11:23,$595,PETS OK-GARAGE-LRG YARD-FREE RENT!,True,None,6,None
New_Jersey,jerseyshore,jerseyshore,apa,6983859399,None,"Winter rental, Studio apart in Ocean Grove, avail. (until - May 15th)",https://jerseyshore.craigslist.org/apa/d/ocean-grove-winter-rental-studio-apart/6983859399.html,2019-09-28,11:23,$1200,Ocean Grove,True,None,1,None
New_Jersey,jerseyshore,jerseyshore,apa,6988353827,None,Manasquan BEACHSIDE WINTER RENTAL,https://jerseyshore.craigslist.org/apa/d/ho-ho-kus-manasquan-beachside-winter/6988353827.html,2019-09-28,11:01,$1500,Manasquan,True,None,None,None
New_Jersey,jerseyshore,jerseyshore,apa,6982706018,None,"Rear Cottage, Winter Rental",https://jerseyshore.craigslist.org/apa/d/belmar-rear-cottage-winter-rental/6982706018.html,2019-09-28,10:46,$900,Belmar,True,None,2,None
New_Jersey,jerseyshore,jerseyshore,apa,6982078443,None,"Winter Rental, Stand Alone House",https://jerseyshore.craigslist.org/apa/d/belmar-winter-rental-stand-alone-house/6982078443.html,2019-09-28,10:45,$1500,Belmar,True,None,3,None
New_Jersey,jerseyshore,jerseyshore,apa,6988340368,4839554048,**** MINT UPDATED FURNISHED CONDO WINTER ****,https://jerseyshore.craigslist.org/apa/d/mint-updated-furnished-condo-winter/6988340368.html,2019-09-28,10:43,$1850,"Sea Bright, NJ",True,None,1,None
New_Jersey,jerseyshore,jerseyshore,apa,6988320200,6810664938,Great Location! Brand New! Call For Details!,https://jerseyshore.craigslist.org/apa/d/toms-river-great-location-brand-new/6988320200.html,2019-09-28,10:34,$2895,None,True,None,3,None
New_Jersey,jerseyshore,jerseyshore,apa,6988318240,6833362121,Pet Friendly! Call Today!,https://jerseyshore.craigslist.org/apa/d/toms-river-pet-friendly-call-today/6988318240.html,2019-09-28,10:25,$2375,None,True,None,2,None
New_Jersey,jerseyshore,jerseyshore,apa,6988319519,6812191193,Large 3 Bedroom 2.5 Bath in a pet friendly community!,https://jerseyshore.craigslist.org/apa/d/toms-river-large-3-bedroom-25-bath-in/6988319519.html,2019-09-28,10:21,$3295,None,True,None,3,None
New_Jersey,jerseyshore,jerseyshore,apa,6988321509,None,Amenities you deserve & lease rates you’ll love!,https://jerseyshore.craigslist.org/apa/d/matawan-amenities-you-deserve-lease/6988321509.html,2019-09-28,10:16,$1970,Point Pleasant,True,None,1,962ft2
New_Jersey,jerseyshore,jerseyshore,apa,6988310134,None,Pet friendly community! Come see! Tour with us today!!,https://jerseyshore.craigslist.org/apa/d/neptune-pet-friendly-community-come-see/6988310134.html,2019-09-28,09:59,$1875,None,True,None,None,None
New_Jersey,jerseyshore,jerseyshore,apa,6988307930,None,WINTER Rental Point Pleasant Beach,https://jerseyshore.craigslist.org/apa/d/point-pleasant-beach-winter-rental/6988307930.html,2019-09-28,09:57,$1250,"Point Pleasant Beach, NJ",False,None,2,600ft2
New_Jersey,jerseyshore,jerseyshore,apa,6988305978,4879038032,Right Near AC! Come Live At Sunrise Bay!,https://jerseyshore.craigslist.org/apa/d/right-near-ac-come-live-at-sunrise-bay/6988305978.html,2019-09-28,09:52,$0,Galloway,False,None,2,None
New_Jersey,jerseyshore,jerseyshore,apa,6988303762,None,"Be near the beach, parkway, shopping and more! Inquire now!",https://jerseyshore.craigslist.org/apa/d/neptune-be-near-the-beach-parkway/6988303762.html,2019-09-28,09:48,$2000,None,True,None,None,None
New_Jersey,jerseyshore,jerseyshore,apa,6977312968,None,"1 BR, 1 Bath Renovated Condo with Lake Views- Pets Ok",https://jerseyshore.craigslist.org/apa/d/ocean-grove-1-br-1-bath-renovated-condo/6977312968.html,2019-09-28,09:42,$1500,Ocean Grove,True,None,1,None
New_Jersey,jerseyshore,jerseyshore,apa,6973521160,None,Annual Rental- Spacious 1 BR Condo in Gorgeous Avon Neighborhood,https://jerseyshore.craigslist.org/apa/d/avon-by-the-sea-annual-rental-spacious/6973521160.html,2019-09-28,09:42,$1450,Avon by the Sea,True,None,1,None
New_Jersey,jerseyshore,jerseyshore,apa,6967794306,5414964712,Nice furnished 2 bed apartment for rent,https://jerseyshore.craigslist.org/apa/d/nice-furnished-2-bed-apartment-for-rent/6967794306.html,2019-09-28,08:22,$1300,WILDWOOD CREST,True,None,2,None
New_Jersey,jerseyshore,jerseyshore,apa,6967930416,None,20 Ironwood Ct. Middletown - LAUREL GREENE COMMUNITY,https://jerseyshore.craigslist.org/apa/d/middletown-20-ironwood-ct-middletown/6967930416.html,2019-09-28,08:05,$2975,Middletown,True,None,3,2600ft2
New_Jersey,jerseyshore,jerseyshore,apa,6985861033,None,Great Home for Rent in Whiting,https://jerseyshore.craigslist.org/apa/d/island-heights-great-home-for-rent-in/6985861033.html,2019-09-28,07:55,$1350,Manchester Township,True,None,2,None
New_Jersey,jerseyshore,jerseyshore,apa,6974136109,None,114 Greenwood Loop,https://jerseyshore.craigslist.org/apa/d/brick-114-greenwood-loop/6974136109.html,2019-09-28,07:43,$1500,"Greenwood Park, Brick",True,None,2,None
New_Jersey,jerseyshore,jerseyshore,apa,6988248940,None,Rental,https://jerseyshore.craigslist.org/apa/d/toms-river-rental/6988248940.html,2019-09-28,07:33,$1250,Silverton,False,None,1,None
New_Jersey,jerseyshore,jerseyshore,apa,6988248694,6481047843,Save Up To $2835 On Select Townhomes!,https://jerseyshore.craigslist.org/apa/d/cologne-save-up-to-2835-on-select/6988248694.html,2019-09-28,07:32,$0,Mays Landing,True,None,3,None
New_Jersey,jerseyshore,jerseyshore,apa,6988246235,6483044254,Save Up To $2835 On Select Townhomes!,https://jerseyshore.craigslist.org/apa/d/cologne-save-up-to-2835-on-select/6988246235.html,2019-09-28,07:20,$0,Mays Landing,True,None,3,None
New_Jersey,jerseyshore,jerseyshore,apa,6988246069,6966302839,"SUMMER 2020 Manasquan Spotless 3 bd, 1 bth, w/d, a/c",https://jerseyshore.craigslist.org/apa/d/sea-girt-summer-2020-manasquan-spotless/6988246069.html,2019-09-28,07:19,$25000,Manasquan,True,None,3,None
New_Jersey,jerseyshore,jerseyshore,apa,6988245952,6481047843,Save Up To $3224 On Select Apartments!,https://jerseyshore.craigslist.org/apa/d/cologne-save-up-to-3224-on-select/6988245952.html,2019-09-28,07:18,$0,Mays Landing,True,None,1,None
New_Jersey,jerseyshore,jerseyshore,apa,6974026193,None,Great 1/1 apartment available for a winter rental,https://jerseyshore.craigslist.org/apa/d/manasquan-great-1-1-apartment-available/6974026193.html,2019-09-28,07:13,$750,Manasquan,True,None,1,530ft2
New_Jersey,jerseyshore,jerseyshore,apa,6974023825,None,Spacious 3 bedroom home 1 block from the beach,https://jerseyshore.craigslist.org/apa/d/sea-girt-spacious-3-bedroom-home-1/6974023825.html,2019-09-28,07:13,$1400,Manasquan,True,None,3,1836ft2
New_Jersey,jerseyshore,jerseyshore,apa,6967945445,6661833291,"SUMMER 2020-Spotless 3 bd, 1 bath, w/d, a/c, 1 block to beach, garage",https://jerseyshore.craigslist.org/apa/d/sea-girt-summer-2020-spotless-3-bd-1/6967945445.html,2019-09-28,07:10,$25000,Manasqan,True,None,3,None
New_Jersey,jerseyshore,jerseyshore,apa,6976072465,6345481539,"Ventnor Furnished Winter Rental - 1,200 great location",https://jerseyshore.craigslist.org/apa/d/ventnor-city-ventnor-furnished-winter/6976072465.html,2019-09-27,23:47,$1200,Ventnor,True,None,3,None
New_Jersey,jerseyshore,jerseyshore,apa,6975055863,None,2nd floor of 2 family home,https://jerseyshore.craigslist.org/apa/d/manahawkin-2nd-floor-of-2-family-home/6975055863.html,2019-09-27,21:28,$1500,Beach Haven West,True,None,3,1000ft2
New_Jersey,jerseyshore,jerseyshore,apa,6988109064,4676349743,Winter Rental Bayside View,https://jerseyshore.craigslist.org/apa/d/winter-rental-bayside-view/6988109064.html,2019-09-27,20:28,$1150,Lavallette,False,None,2,None
New_Jersey,jerseyshore,jerseyshore,apa,6988085566,6928645904,Lavallette NJ  Winter Rental,https://jerseyshore.craigslist.org/apa/d/seaside-heights-lavallette-nj-winter/6988085566.html,2019-09-27,19:45,$1650,Lavallette NJ,False,None,2,750ft2
New_Jersey,jerseyshore,jerseyshore,apa,6988026245,6879600647,Sea Bright Waterfront Newky Renovated Apartment for rent,https://jerseyshore.craigslist.org/apa/d/rumson-sea-bright-waterfront-newky/6988026245.html,2019-09-27,18:26,$3200,"Sea Bright, NJ",True,None,2,1200ft2
New_Jersey,jerseyshore,jerseyshore,apa,6985673794,None,7 bedroom house,https://jerseyshore.craigslist.org/apa/d/island-heights-7-bedroom-house/6985673794.html,2019-09-27,18:03,$2800,Island heights NJ,True,None,7,2808ft2
New_Jersey,jerseyshore,jerseyshore,apa,6987982038,None,3 Bedroom Annual Rental,https://jerseyshore.craigslist.org/apa/d/avon-by-the-sea-3-bedroom-annual-rental/6987982038.html,2019-09-27,17:17,$1850,Avon by the Sea,True,None,3,None
New_Jersey,jerseyshore,jerseyshore,apa,6987957320,None,"Rent, Own, or Do Both! Stunning 3BR Recently Renovated!",https://jerseyshore.craigslist.org/apa/d/belmar-rent-own-or-do-both-stunning-3br/6987957320.html,2019-09-27,17:17,$2500,"Belmar, NJ",True,None,3,1452ft2
New_Jersey,jerseyshore,jerseyshore,apa,6987980137,6368045169,CUTE COTTAGE- 1/2 DUPLEX--FENCED YRD..GREAT AREA-pri-park,https://jerseyshore.craigslist.org/apa/d/jackson-cute-cottage-1-2-duplex-fenced/6987980137.html,2019-09-27,17:13,$1595,JACKSON,False,None,3,1000ft2
New_Jersey,jerseyshore,jerseyshore,apa,6987977337,6356193741,COZY COTTAGE- 1/2 DUPLEX--FENCED YRD..GREAT AREA-pri-park,https://jerseyshore.craigslist.org/apa/d/jackson-cozy-cottage-1-2-duplex-fenced/6987977337.html,2019-09-27,17:09,$1595,JACKSON/,False,None,3,1000ft2
New_Jersey,jerseyshore,jerseyshore,apa,6987975226,6368045169,CUTE COTTAGE- 1/2 DUPLEX--FENCED YRD..GREAT AREA-pri-park,https://jerseyshore.craigslist.org/apa/d/jackson-cute-cottage-1-2-duplex-fenced/6987975226.html,2019-09-27,17:06,$1595,JACKSON,True,None,3,1000ft2
New_Jersey,jerseyshore,jerseyshore,apa,6974952399,6311056829,Beautiful Upgraded Modern 1 BR Apartment!!!!!,https://jerseyshore.craigslist.org/apa/d/beautiful-upgraded-modern-1-br-apartment/6974952399.html,2019-09-27,16:38,$1050,"1461 Route 88 Brick, NJ",False,None,1,650ft2
New_Jersey,jerseyshore,jerseyshore,apa,6974978375,6311056829,Beautiful Upgraded Modern 1 BR Apartment!!!!!,https://jerseyshore.craigslist.org/apa/d/beautiful-upgraded-modern-1-br-apartment/6974978375.html,2019-09-27,16:38,$1050,"1463 Route 88 Brick, NJ",False,None,1,650ft2
New_Jersey,jerseyshore,jerseyshore,apa,6985807392,6920794897,Beautiful Upgraded Modern 1 BR Apartment!!!!!,https://jerseyshore.craigslist.org/apa/d/brick-beautiful-upgraded-modern-1-br/6985807392.html,2019-09-27,16:38,$1050,Brick,False,None,1,650ft2
New_Jersey,jerseyshore,jerseyshore,apa,6985808206,6920794897,Beautiful Upgraded Modern 1 BR Apartment!!!!!!!,https://jerseyshore.craigslist.org/apa/d/brick-beautiful-upgraded-modern-1-br/6985808206.html,2019-09-27,16:38,$1050,Brick,False,None,1,650ft2
New_Jersey,jerseyshore,jerseyshore,apa,6985808594,6920798793,"Beautiful 1 BR Condo Off Lake Riviera Only 1,195!!!!",https://jerseyshore.craigslist.org/apa/d/brick-beautiful-1-br-condo-off-lake/6985808594.html,2019-09-27,16:38,$1195,"Brick,",False,None,1,900ft2
New_Jersey,jerseyshore,jerseyshore,apa,6985809129,6920798793,"Beautiful 1 BR Condo Off Lake Riviera Only 1,195!!!!!!!!!",https://jerseyshore.craigslist.org/apa/d/brick-beautiful-1-br-condo-off-lake/6985809129.html,2019-09-27,16:38,$1195,"Brick,",False,None,1,900ft2
New_Jersey,jerseyshore,jerseyshore,apa,6987936456,None,Yearly 1 bedroom $1400 Heat and Hot Water Included,https://jerseyshore.craigslist.org/apa/d/point-pleasant-beach-yearly-1-bedroom/6987936456.html,2019-09-27,16:35,$1400,Point Pleasant Beach,True,None,1,None
New_Jersey,jerseyshore,jerseyshore,apa,6969192172,None,3 Bedroom- 2 Bath Ranch Cozy (Section 8 OK),https://jerseyshore.craigslist.org/apa/d/port-monmouth-3-bedroom-2-bath-ranch/6969192172.html,2019-09-27,16:27,$2900,Port Monmouth,True,None,3,None
New_Jersey,jerseyshore,jerseyshore,apa,6985411620,None,Yearly 1 bedroom $1400 Incudes Heat and hot water,https://jerseyshore.craigslist.org/apa/d/point-pleasant-beach-yearly-1-bedroom/6985411620.html,2019-09-27,16:13,$1400,Point Pleasant Beach,True,None,1,None
New_Jersey,jerseyshore,jerseyshore,apa,6983571899,None,Yearly rental Heat and Hot water included,https://jerseyshore.craigslist.org/apa/d/point-pleasant-beach-yearly-rental-heat/6983571899.html,2019-09-27,16:13,$1400,Point Pleasant Beach,True,None,1,None
New_Jersey,jerseyshore,jerseyshore,apa,6981928064,None,Yearly 1 bedroom $1400 Includes Heat and Hot water,https://jerseyshore.craigslist.org/apa/d/point-pleasant-beach-yearly-1-bedroom/6981928064.html,2019-09-27,16:13,$1400,Point Pleasant Beach,True,None,1,None
New_Jersey,jerseyshore,jerseyshore,apa,6980855949,None,Yearly 1 bedroom $1400 Includes Heat and Hot water,https://jerseyshore.craigslist.org/apa/d/point-pleasant-beach-yearly-1-bedroom/6980855949.html,2019-09-27,16:13,$1400,Point Pleasant Beach,True,None,None,None
New_Jersey,jerseyshore,jerseyshore,apa,6987858606,None,Weekend Special - One bed w/balcony,https://jerseyshore.craigslist.org/apa/d/los-angeles-weekend-special-one-bed/6987858606.html,2019-09-27,14:57,$1695,Los Angeles,True,None,1,438ft2
New_Jersey,jerseyshore,jerseyshore,apa,6985863222,6261303851,Belmar  Rental for Winter 1BR 2 BR,https://jerseyshore.craigslist.org/apa/d/belmar-rental-for-winter-1br-2-br/6985863222.html,2019-09-27,14:17,$995,Belmar,True,None,None,None
New_Jersey,jerseyshore,jerseyshore,apa,6987785473,None,Hot Rental!!,https://jerseyshore.craigslist.org/apa/d/waretown-hot-rental/6987785473.html,2019-09-27,13:29,$1675,MANAHAWKIN,False,None,3,None
New_Jersey,jerseyshore,jerseyshore,apa,6987768902,None,Pets come!! We're pet friendly! Check with us now! Call to come in!,https://jerseyshore.craigslist.org/apa/d/neptune-pets-come-were-pet-friendly/6987768902.html,2019-09-27,13:12,$1875,None,True,None,None,None
New_Jersey,jerseyshore,jerseyshore,apa,6987762773,None,Location is key! Be near it all now! Apply online today!,https://jerseyshore.craigslist.org/apa/d/neptune-location-is-key-be-near-it-all/6987762773.html,2019-09-27,13:06,$2000,None,True,None,None,None
New_Jersey,jerseyshore,jerseyshore,apa,6987732954,None,Winter Rental - Point Pleasant Beach,https://jerseyshore.craigslist.org/apa/d/point-pleasant-beach-winter-rental/6987732954.html,2019-09-27,12:35,$2500,Point Pleasant Beach,False,None,5,None
New_Jersey,jerseyshore,jerseyshore,apa,6987723543,None,Margate - Winter Rental,https://jerseyshore.craigslist.org/apa/d/margate-city-margate-winter-rental/6987723543.html,2019-09-27,12:25,$895,Margate,True,None,2,None
New_Jersey,jerseyshore,jerseyshore,apa,6987718867,None,WINTER RENTALS,https://jerseyshore.craigslist.org/apa/d/seaside-park-winter-rentals/6987718867.html,2019-09-27,12:21,$800,seaside park,False,None,None,None
New_Jersey,jerseyshore,jerseyshore,apa,6987709846,None,3BR House with 2 baths and yard,https://jerseyshore.craigslist.org/apa/d/spring-lake-3br-house-with-2-baths-and/6987709846.html,2019-09-27,12:11,$2150,"Wall, NJ",False,None,3,None
New_Jersey,jerseyshore,jerseyshore,apa,6987690797,6216367492,Chelsea Village Apartments- Matawan,https://jerseyshore.craigslist.org/apa/d/chelsea-village-apartments-matawan/6987690797.html,2019-09-27,11:51,$1325,"40 Cross Road, Matawan,NJ",True,None,1,710ft2
New_Jersey,jerseyshore,jerseyshore,apa,6987639883,None,Great location and immediate occupancy.,https://jerseyshore.craigslist.org/apa/d/brick-great-location-and-immediate/6987639883.html,2019-09-27,10:55,$1250,"Brick, NJ 08724",True,None,4,2254ft2
New_Jersey,jerseyshore,jerseyshore,apa,6967097810,None,"AVAILABLE IMMEDIATELY WINTER RENTAL, AVON BY THE SEA,",https://jerseyshore.craigslist.org/apa/d/avon-by-the-sea-available-immediately/6967097810.html,2019-09-27,10:27,$1100,Avon-by-the-Sea,True,None,2,None
New_Jersey,jerseyshore,jerseyshore,apa,6975677653,None,One Bedroom One Bath Apartment,https://jerseyshore.craigslist.org/apa/d/keyport-one-bedroom-one-bath-apartment/6975677653.html,2019-09-27,10:27,$1095,Keyport,False,None,1,None
New_Jersey,jerseyshore,jerseyshore,apa,6987551841,6808197030,Now Leasing! Pets Welcome!,https://jerseyshore.craigslist.org/apa/d/toms-river-now-leasing-pets-welcome/6987551841.html,2019-09-27,10:15,$3295,None,True,None,3,None
New_Jersey,jerseyshore,jerseyshore,apa,6987573038,4816091418,Spring Lake- Winter Rental,https://jerseyshore.craigslist.org/apa/d/spring-lake-winter-rental/6987573038.html,2019-09-27,09:26,$1200,Spring Lake,True,None,2,900ft2
New_Jersey,jerseyshore,jerseyshore,apa,6967803231,4882628637,Top Floor 1BR One Block From Beach!,https://jerseyshore.craigslist.org/apa/d/allenhurst-top-floor-1br-one-block-from/6967803231.html,2019-09-27,09:15,$1533,210 7th Avenue,True,None,1,725ft2
New_Jersey,jerseyshore,jerseyshore,apa,6987550995,6808604625,Call Gabrielle Run Home in this brand new community!,https://jerseyshore.craigslist.org/apa/d/toms-river-call-gabrielle-run-home-in/6987550995.html,2019-09-27,09:07,$2850,None,True,None,3,None
New_Jersey,jerseyshore,jerseyshore,apa,6987550569,6776206985,Now Showing! Come Tour! Call Today!,https://jerseyshore.craigslist.org/apa/d/toms-river-now-showing-come-tour-call/6987550569.html,2019-09-27,09:00,$2375,None,True,None,2,None
New_Jersey,jerseyshore,jerseyshore,apa,6987552154,None,Premium quality housing with great amenities!,https://jerseyshore.craigslist.org/apa/d/matawan-premium-quality-housing-with/6987552154.html,2019-09-27,08:47,$2310,Matawan,True,None,2,1300ft2
New_Jersey,jerseyshore,jerseyshore,apa,6987525640,6481047843,Save Up To $3224 On Select Apartments!,https://jerseyshore.craigslist.org/apa/d/cologne-save-up-to-3224-on-select/6987525640.html,2019-09-27,07:26,$0,Mays Landing,True,None,1,None
New_Jersey,jerseyshore,jerseyshore,apa,6987525065,6481047843,Save Up To $2835On Select Townhomes!,https://jerseyshore.craigslist.org/apa/d/cologne-save-up-to-2835on-select/6987525065.html,2019-09-27,07:23,$0,Mays Landing,True,None,3,None
New_Jersey,jerseyshore,jerseyshore,apa,6987524993,6483044254,Save Up To $2835 On Select Townhomes!,https://jerseyshore.craigslist.org/apa/d/cologne-save-up-to-2835-on-select/6987524993.html,2019-09-27,07:23,$0,Mays Landing,True,None,3,None
New_Jersey,jerseyshore,jerseyshore,apa,6976962635,None,2 Bedroom House on the River - Fully Furnished,https://jerseyshore.craigslist.org/apa/d/red-bank-2-bedroom-house-on-the-river/6976962635.html,2019-09-27,07:13,$3000,Red Bank,False,None,2,None
New_Jersey,jerseyshore,jerseyshore,apa,6987488882,None,3 bedroom Townhome,https://jerseyshore.craigslist.org/apa/d/toms-river-3-bedroom-townhome/6987488882.html,2019-09-27,02:06,$2700,Toms River,True,None,3,1936ft2
New_Jersey,jerseyshore,jerseyshore,apa,6980120600,6938286684,Bungalow apartment -,https://jerseyshore.craigslist.org/apa/d/ocean-grove-bungalow-apartment/6980120600.html,2019-09-26,23:26,$1500,Ocean Grove,True,None,1,None
New_Jersey,jerseyshore,jerseyshore,apa,6987445424,None,Annual Rental - 1 1/2 Blocks to the Beach,https://jerseyshore.craigslist.org/apa/d/bradley-beach-annual-rental-blocks-to/6987445424.html,2019-09-26,22:57,$1300,Bradley Beach,True,None,1,None
New_Jersey,jerseyshore,jerseyshore,apa,6977539297,None,Very CUTE BEACH COTTAGE - Walk to Beach - Great Area,https://jerseyshore.craigslist.org/apa/d/keansburg-very-cute-beach-cottage-walk/6977539297.html,2019-09-26,22:39,$1495,Keansburg,False,None,2,None
New_Jersey,jerseyshore,jerseyshore,apa,6968991881,None,20 Ironwood Ct. Middletown - Laurel Greene Townhouses,https://jerseyshore.craigslist.org/apa/d/middletown-20-ironwood-ct-middletown/6968991881.html,2019-09-26,21:53,$2975,Middletown,True,None,3,2600ft2
New_Jersey,jerseyshore,jerseyshore,apa,6987416199,None,Winter Rental Lavallette Utilities INCLUDED 2 Two Bedroom,https://jerseyshore.craigslist.org/apa/d/lavallette-winter-rental-lavallette/6987416199.html,2019-09-26,21:43,$1200,"Lavallette, NJ",True,None,2,None
New_Jersey,jerseyshore,jerseyshore,apa,6967927935,4873274379,"All year round wrap around  porch Oct 1, 2019-Labor Day 2020",https://jerseyshore.craigslist.org/apa/d/bradley-beach-all-year-round-wrap/6967927935.html,2019-09-26,21:14,$2250,Bradley Beach,True,None,3,2250ft2
New_Jersey,jerseyshore,jerseyshore,apa,6987363695,None,Colorado Life with Prices You,https://jerseyshore.craigslist.org/apa/d/denver-colorado-life-with-prices-you/6987363695.html,2019-09-26,19:55,$1450,Denver,True,None,2,1017ft2
New_Jersey,jerseyshore,jerseyshore,apa,6987363120,None,Find Your Home At Sienna!,https://jerseyshore.craigslist.org/apa/d/denver-find-your-home-at-sienna/6987363120.html,2019-09-26,19:54,$1450,Denver,True,None,2,1017ft2
New_Jersey,jerseyshore,jerseyshore,apa,6987362598,None,"Beautiful 1x1, newly renovated with October free!",https://jerseyshore.craigslist.org/apa/d/denver-beautiful-1x1-newly-renovated/6987362598.html,2019-09-26,19:53,$1144,Denver,True,None,1,750ft2
New_Jersey,jerseyshore,jerseyshore,apa,6987361946,None,Don't Miss Out! Save on a Renovated apartment!,https://jerseyshore.craigslist.org/apa/d/denver-dont-miss-out-save-on-renovated/6987361946.html,2019-09-26,19:52,$1070,Denver,True,None,1,670ft2
New_Jersey,jerseyshore,jerseyshore,apa,6987359822,None,"Second floor, renovated, washer & dryer, and October FREE!",https://jerseyshore.craigslist.org/apa/d/denver-second-floor-renovated-washer/6987359822.html,2019-09-26,19:48,$1144,Denver,True,None,1,750ft2
New_Jersey,jerseyshore,jerseyshore,apa,6987348551,None,Charming 1br 1ba w/ Balcony Full Size Washer and Dryer,https://jerseyshore.craigslist.org/apa/d/denver-charming-1br-1ba-balcony-full/6987348551.html,2019-09-26,19:29,$1450,Denver,True,None,2,1017ft2
New_Jersey,jerseyshore,jerseyshore,apa,6987348190,None,Attractive Spacious 2br 2ba w/ Balcony Patio!!,https://jerseyshore.craigslist.org/apa/d/denver-attractive-spacious-2br-2ba/6987348190.html,2019-09-26,19:28,$1450,Denver,True,None,2,1017ft2
New_Jersey,jerseyshore,jerseyshore,apa,6987347515,None,1st Floor Two Bedroom Available NOW!,https://jerseyshore.craigslist.org/apa/d/denver-1st-floor-two-bedroom-available/6987347515.html,2019-09-26,19:27,$1450,Denver,True,None,2,1017ft2
New_Jersey,jerseyshore,jerseyshore,apa,6987346999,None,Love Your Life at Sienna Cherry Creek!,https://jerseyshore.craigslist.org/apa/d/denver-love-your-life-at-sienna-cherry/6987346999.html,2019-09-26,19:26,$1450,Denver,True,None,2,1017ft2
New_Jersey,jerseyshore,jerseyshore,apa,6987346085,None,Want to Move This Weekend? We can Offer 1 MONTH FREE!!,https://jerseyshore.craigslist.org/apa/d/denver-want-to-move-this-weekend-we-can/6987346085.html,2019-09-26,19:24,$1070,Denver,True,None,1,670ft2
New_Jersey,jerseyshore,jerseyshore,apa,6987295035,None,- Available for 9/39/2019 - 2 Bedroom Apt Home,https://jerseyshore.craigslist.org/apa/d/allenhurst-available-for-bedroom-apt/6987295035.html,2019-09-26,18:05,$975,"Allenhurst, NJ 07711",True,None,3,None
New_Jersey,jerseyshore,jerseyshore,apa,6987287653,None,"Ocean City, New Jersey! Bring the dog! 3 bedrooms $1285",https://jerseyshore.craigslist.org/apa/d/ocean-city-ocean-city-new-jersey-bring/6987287653.html,2019-09-26,17:55,$1285,The Gardens,True,None,3,None
New_Jersey,jerseyshore,jerseyshore,apa,6987242944,None,1BR Apartment on the Beach,https://jerseyshore.craigslist.org/apa/d/avon-by-the-sea-1br-apartment-on-the/6987242944.html,2019-09-26,17:08,$1600,Belmar,True,None,1,550ft2
New_Jersey,jerseyshore,jerseyshore,apa,6987226103,None,Studio apartment on the beach!,https://jerseyshore.craigslist.org/apa/d/ocean-grove-studio-apartment-on-the/6987226103.html,2019-09-26,16:33,$1150,Bradley Beach,True,None,None,None
New_Jersey,jerseyshore,jerseyshore,apa,6987203146,None,OPEN HOUSE SUNDAY 11-4,https://jerseyshore.craigslist.org/apa/d/neptune-open-house-sunday-11-4/6987203146.html,2019-09-26,16:16,$1425,Neptune City,True,None,None,794ft2
New_Jersey,jerseyshore,jerseyshore,apa,6987195541,5738227246,Brand New 2 Bedroom House in Highlands on the Beach,https://jerseyshore.craigslist.org/apa/d/brand-new-2-bedroom-house-in-highlands/6987195541.html,2019-09-26,15:56,$1600,60 Fifth Street=C,False,None,2,None
New_Jersey,jerseyshore,jerseyshore,apa,6987193801,6689757993,APARTMENT FOR RENT,https://jerseyshore.craigslist.org/apa/d/point-pleasant-beach-apartment-for-rent/6987193801.html,2019-09-26,15:54,$1400,POINT PLEASANT BEACH,True,None,1,None
New_Jersey,jerseyshore,jerseyshore,apa,6987147291,None,3 Bdr 2.5 bath - 22 Still Run (Emerson Green),https://jerseyshore.craigslist.org/apa/d/clayton-3-bdr-25-bath-22-still-run/6987147291.html,2019-09-26,14:59,$1760,"Clayton, N.J.",True,None,3,1774ft2
New_Jersey,jerseyshore,jerseyshore,apa,6987143498,None,3 Bdr 2.5 bath - 57 Still Run (Emerson Green),https://jerseyshore.craigslist.org/apa/d/clayton-3-bdr-25-bath-57-still-run/6987143498.html,2019-09-26,14:55,$1790,"Clayton, N.J.",True,None,3,1774ft2
New_Jersey,jerseyshore,jerseyshore,apa,6973935090,6928928326,condo 2 beds 2 baths,https://jerseyshore.craigslist.org/apa/d/roma-condo-2-beds-2-baths/6973935090.html,2019-09-26,14:41,$1000,Puerto Vallarta,True,None,2,None
New_Jersey,jerseyshore,jerseyshore,apa,6987117744,None,"Schedule a Tour, Stainless Steel Appliances, Storage",https://jerseyshore.craigslist.org/apa/d/spring-lake-schedule-tour-stainless/6987117744.html,2019-09-26,14:25,$1650,Spring Lake Heights,True,None,1,None
New_Jersey,jerseyshore,jerseyshore,apa,6987115047,None,0ne Bedroom One Bonus Room For Rent,https://jerseyshore.craigslist.org/apa/d/manahawkin-0ne-bedroom-one-bonus-room/6987115047.html,2019-09-26,14:22,$1300,Ocean Acres Statford,False,None,2,1000ft2
New_Jersey,jerseyshore,jerseyshore,apa,6987062069,6980810875,Large 2 Bed 2 Bath Coming up!,https://jerseyshore.craigslist.org/apa/d/redwood-city-large-2-bed-2-bath-coming/6987062069.html,2019-09-26,13:37,$3895,Redwood City,True,None,2,None
New_Jersey,jerseyshore,jerseyshore,apa,6987057697,None,cool location! Check us out today! Two bedrooms with basements!,https://jerseyshore.craigslist.org/apa/d/neptune-cool-location-check-us-out/6987057697.html,2019-09-26,13:22,$2245,None,True,None,None,None
New_Jersey,jerseyshore,jerseyshore,apa,6987056199,None,So great it is! And its pet friendly! Call for info and touring!!,https://jerseyshore.craigslist.org/apa/d/neptune-so-great-it-is-and-its-pet/6987056199.html,2019-09-26,13:20,$2000,None,True,None,None,None
New_Jersey,jerseyshore,jerseyshore,apa,6981947379,6884323359,1709 Beach Blvd - Coastal Living!,https://jerseyshore.craigslist.org/apa/d/waretown-1709-beach-blvd-coastal-living/6981947379.html,2019-09-26,13:17,$1701,Forked River Beach,True,None,3,1104ft2
New_Jersey,jerseyshore,jerseyshore,apa,6987053549,None,"Hurry! Two bedrooms are here, not for long!!",https://jerseyshore.craigslist.org/apa/d/neptune-hurry-two-bedrooms-are-here-not/6987053549.html,2019-09-26,13:17,$1875,None,True,None,None,None
New_Jersey,jerseyshore,jerseyshore,apa,6986976909,None,"2 Br, 1.5 bath available immediately only (*( $850 )*)",https://jerseyshore.craigslist.org/apa/d/toms-river-2-br-15-bath-available/6986976909.html,2019-09-26,12:54,$850,jersey shore,True,None,2,None
New_Jersey,jerseyshore,jerseyshore,apa,6987017854,None,3 Bedroom House for Winter Rental,https://jerseyshore.craigslist.org/apa/d/manasquan-3-bedroom-house-for-winter/6987017854.html,2019-09-26,12:39,$1500,Manasquan,True,None,None,None
New_Jersey,jerseyshore,jerseyshore,apa,6987014539,None,Guesthouse Winter Rental,https://jerseyshore.craigslist.org/apa/d/manasquan-guesthouse-winter-rental/6987014539.html,2019-09-26,12:36,$900,Manasquan,True,None,1,None
New_Jersey,jerseyshore,jerseyshore,apa,6986993455,None,OPEN HOUSE SUNDAY 11-4,https://jerseyshore.craigslist.org/apa/d/neptune-open-house-sunday-11-4/6986993455.html,2019-09-26,12:31,$1425,Neptune City,True,None,None,794ft2
New_Jersey,jerseyshore,jerseyshore,apa,6987003742,None,3 Bedroom Winter Rental,https://jerseyshore.craigslist.org/apa/d/manasquan-3-bedroom-winter-rental/6987003742.html,2019-09-26,12:25,$1500,Manasquan,True,None,3,None
New_Jersey,jerseyshore,jerseyshore,apa,6987001844,6934572042,Private home with Elevator OPEN HOUSE 12 TO 2  SATURDAY 9/28/19,https://jerseyshore.craigslist.org/apa/d/keansburg-private-home-with-elevator/6987001844.html,2019-09-26,12:22,$1950,Keansburg,False,None,2,None
New_Jersey,jerseyshore,jerseyshore,apa,6987000681,None,1 Bedroom Winter Rental,https://jerseyshore.craigslist.org/apa/d/manasquan-1-bedroom-winter-rental/6987000681.html,2019-09-26,12:21,$900,Manasquan,True,None,1,None
New_Jersey,jerseyshore,jerseyshore,apa,6986996078,6698841749,SUMMMER RENTAL Manasquan Jersey Shore,https://jerseyshore.craigslist.org/apa/d/sea-girt-summmer-rental-manasquan/6986996078.html,2019-09-26,12:16,$22000,MANASQUAN,True,None,3,None
New_Jersey,jerseyshore,jerseyshore,apa,6986995617,None,"Contemporary Design, Hardwood Floors, Brushed Nickel Hardware",https://jerseyshore.craigslist.org/apa/d/spring-lake-contemporary-design/6986995617.html,2019-09-26,12:16,$1899,Spring Lake Heights,True,None,1,None
New_Jersey,jerseyshore,jerseyshore,apa,6986978194,None,"2BD RM APT+OFF.,INCL(WiF,500CH.TV,UTLS,LNDR,STORG)EASY PARKN,NEW PAINT",https://jerseyshore.craigslist.org/apa/d/pine-beach-2bd-rm/6986978194.html,2019-09-26,11:57,$1050,"Manchester, NJ 08759",True,None,2,None
New_Jersey,jerseyshore,jerseyshore,apa,6986971963,None,$1500 / 2br - Immaculate 2 BR/1 BA,https://jerseyshore.craigslist.org/apa/d/bradley-beach-br-immaculate-2-br-1-ba/6986971963.html,2019-09-26,11:50,$1500,Bradley Beach,False,None,2,None
New_Jersey,jerseyshore,jerseyshore,apa,6986951426,None,Intro Offer NO DEPOSIT STUDIO,https://jerseyshore.craigslist.org/apa/d/red-bank-intro-offer-no-deposit-studio/6986951426.html,2019-09-26,11:26,$1817,None,True,None,1,None
New_Jersey,jerseyshore,jerseyshore,apa,6986946543,6979255321,3300 as ft home for rent,https://jerseyshore.craigslist.org/apa/d/toms-river-3300-as-ft-home-for-rent/6986946543.html,2019-09-26,11:20,$900,Toms River,True,None,6,3300ft2
New_Jersey,jerseyshore,jerseyshore,apa,6986943672,None,"*JUST LISTED* 3 BR Home for Winter Rental, Utilities Included",https://jerseyshore.craigslist.org/apa/d/seaside-heights-just-listed-3-br-home/6986943672.html,2019-09-26,11:17,$1100,Seaside Heights,True,None,3,None
New_Jersey,jerseyshore,jerseyshore,apa,6986916515,None,Point Beach Apartments,https://jerseyshore.craigslist.org/apa/d/point-pleasant-beach-point-beach/6986916515.html,2019-09-26,10:49,$1729,Point Pleasant Beach,True,None,2,978ft2
New_Jersey,jerseyshore,jerseyshore,apa,6986898133,None,Beautiful family home/Great Schools,https://jerseyshore.craigslist.org/apa/d/oakhurst-beautiful-family-home-great/6986898133.html,2019-09-26,10:19,$2300,West Deal/Ocean Township,False,None,4,3000ft2
New_Jersey,jerseyshore,jerseyshore,apa,6986872472,6810664938,Great Location! Brand New! Call For Details!,https://jerseyshore.craigslist.org/apa/d/toms-river-great-location-brand-new/6986872472.html,2019-09-26,10:17,$3295,None,True,None,3,None
New_Jersey,jerseyshore,jerseyshore,apa,6986873405,6776206985,Now Showing! Come Tour! Call Today!,https://jerseyshore.craigslist.org/apa/d/toms-river-now-showing-come-tour-call/6986873405.html,2019-09-26,10:03,$2375,None,True,None,2,None
New_Jersey,jerseyshore,jerseyshore,apa,6986872865,6813814668,Pet friendly! Call for details! All brand new! Come take a tour now!,https://jerseyshore.craigslist.org/apa/d/toms-river-pet-friendly-call-for/6986872865.html,2019-09-26,09:59,$2850,None,True,None,3,None
New_Jersey,jerseyshore,jerseyshore,apa,6981241280,4802095080,Ranch Tuckerton NJ,https://jerseyshore.craigslist.org/apa/d/tuckerton-ranch-tuckerton-nj/6981241280.html,2019-09-26,09:54,$1575,Tuckerton,True,None,2,1207ft2
New_Jersey,jerseyshore,jerseyshore,apa,6985383786,4802095080,Loft Tuckerton NJ,https://jerseyshore.craigslist.org/apa/d/tuckerton-loft-tuckerton-nj/6985383786.html,2019-09-26,09:54,$1675,Tuckerton,True,None,2,1667ft2
New_Jersey,jerseyshore,jerseyshore,apa,6985385594,4802111117,"One Bedroom-Tuckerton, NJ",https://jerseyshore.craigslist.org/apa/d/tuckerton-one-bedroom-tuckerton-nj/6985385594.html,2019-09-26,09:54,$1099,Tuckerton,True,None,1,583ft2
New_Jersey,jerseyshore,jerseyshore,apa,6985387107,4802111117,Two bedroom - Apartment in Tuckerton.,https://jerseyshore.craigslist.org/apa/d/tuckerton-two-bedroom-apartment-in/6985387107.html,2019-09-26,09:54,$1309,Tuckerton,True,None,2,833ft2
New_Jersey,jerseyshore,jerseyshore,apa,6986867202,None,"1 month free on luxury unit! Don't miss out, call today for a tour!",https://jerseyshore.craigslist.org/apa/d/matawan-1-month-free-on-luxury-unit/6986867202.html,2019-09-26,09:32,$1970,Matawan,True,None,1,962ft2
New_Jersey,jerseyshore,jerseyshore,apa,6986861682,None,"Modern Appliances, Pool, Central AC",https://jerseyshore.craigslist.org/apa/d/spring-lake-modern-appliances-pool/6986861682.html,2019-09-26,09:23,$1650,Spring Lake Heights,True,None,1,None
New_Jersey,jerseyshore,jerseyshore,apa,6986838331,None,Winter rental,https://jerseyshore.craigslist.org/apa/d/point-pleasant-beach-winter-rental/6986838331.html,2019-09-26,08:34,$950,Totowa,True,None,2,None
New_Jersey,jerseyshore,jerseyshore,apa,6984695188,None,Rent to Own (3BR / 2 Bath),https://jerseyshore.craigslist.org/apa/d/hazlet-rent-to-own-3br-2-bath/6984695188.html,2019-09-26,08:31,$2000,Hazlet Township,True,None,3,1200ft2
New_Jersey,jerseyshore,jerseyshore,apa,6986828489,4674551531,"4 bedroom Winter Rental , Manasquan NJ - $975",https://jerseyshore.craigslist.org/apa/d/4-bedroom-winter-rental-manasquan-nj-975/6986828489.html,2019-09-26,08:07,$975,534 Brielle RD,True,None,4,800ft2
New_Jersey,jerseyshore,jerseyshore,apa,6986823081,6481047843,Save Up To $3224 On Select Apartments!,https://jerseyshore.craigslist.org/apa/d/cologne-save-up-to-3224-on-select/6986823081.html,2019-09-26,07:49,$0,Mays Landing,True,None,1,None
New_Jersey,jerseyshore,jerseyshore,apa,6973980677,None,Poconos pa 4 bedroom house for rent $950,https://jerseyshore.craigslist.org/apa/d/nesquehoning-poconos-pa-4-bedroom-house/6973980677.html,2019-09-26,07:37,$950,Nesquehoning  pa,False,None,4,1900ft2
New_Jersey,jerseyshore,jerseyshore,apa,6986817933,6481047843,Save Up To $2835On Select Townhomes!,https://jerseyshore.craigslist.org/apa/d/cologne-save-up-to-2835on-select/6986817933.html,2019-09-26,07:29,$0,Mays Landing,True,None,3,None
New_Jersey,jerseyshore,jerseyshore,apa,6986817850,6483044254,Save Up To $2835 On Select Townhomes!,https://jerseyshore.craigslist.org/apa/d/cologne-save-up-to-2835-on-select/6986817850.html,2019-09-26,07:28,$0,Mays Landing,True,None,3,None
New_Jersey,jerseyshore,jerseyshore,apa,6986785635,None,"3BD RM APT+OFF.,INCL(WiF,500CH.TV,UTLS,LNDR,STORG)EASY PARKN,NEW PAINT",https://jerseyshore.craigslist.org/apa/d/allenhurst-3bd-rm/6986785635.html,2019-09-26,02:43,$1100,"306 Cedar Ave, Allenhurst, NJ",True,None,3,1608ft2
New_Jersey,jerseyshore,jerseyshore,apa,6986712922,None,Winter rental,https://jerseyshore.craigslist.org/apa/d/toms-river-winter-rental/6986712922.html,2019-09-25,21:54,$1900,Tomsriver,False,None,4,1100ft2
New_Jersey,jerseyshore,jerseyshore,apa,6986671581,None,Spacious Ocean Grove 1 bedroom apt,https://jerseyshore.craigslist.org/apa/d/ocean-grove-spacious-ocean-grove-1/6986671581.html,2019-09-25,20:27,$1300,Ocean Grove,True,None,None,None
New_Jersey,jerseyshore,jerseyshore,apa,6967087649,None,Now taking applications for Weekly Rentals,https://jerseyshore.craigslist.org/apa/d/seaside-heights-now-taking-applications/6967087649.html,2019-09-25,20:27,$320,Seaside and Brick,False,None,1,None
New_Jersey,jerseyshore,jerseyshore,apa,6986657611,None,Winter Rental Spring Lake NJ,https://jerseyshore.craigslist.org/apa/d/spring-lake-winter-rental-spring-lake-nj/6986657611.html,2019-09-25,20:02,$1300,Spring Lake,True,None,2,None
New_Jersey,jerseyshore,jerseyshore,apa,6986652338,None,1st Floor One Bedroom Available NOW with 1 month Free!,https://jerseyshore.craigslist.org/apa/d/denver-1st-floor-one-bedroom-available/6986652338.html,2019-09-25,19:53,$1070,Denver,True,None,1,670ft2
New_Jersey,jerseyshore,jerseyshore,apa,6986644784,None,Renovated and 1 month Free!,https://jerseyshore.craigslist.org/apa/d/denver-renovated-and-1-month-free/6986644784.html,2019-09-25,19:39,$1450,Denver,True,None,2,1017ft2
New_Jersey,jerseyshore,jerseyshore,apa,6986644215,None,Admirable Sizable 2br 2ba W/ Full Size Washer and Dryer In Unit!,https://jerseyshore.craigslist.org/apa/d/denver-admirable-sizable-2br-2ba-full/6986644215.html,2019-09-25,19:38,$1450,Denver,True,None,2,1017ft2
New_Jersey,jerseyshore,jerseyshore,apa,6986643723,None,1st Floor Two Bedroom Available NOW!,https://jerseyshore.craigslist.org/apa/d/denver-1st-floor-two-bedroom-available/6986643723.html,2019-09-25,19:37,$1349,Denver,True,None,2,923ft2
New_Jersey,jerseyshore,jerseyshore,apa,6986643072,None,Call Sienna Cherry Creek Home!,https://jerseyshore.craigslist.org/apa/d/denver-call-sienna-cherry-creek-home/6986643072.html,2019-09-25,19:36,$1144,Denver,True,None,1,750ft2
New_Jersey,jerseyshore,jerseyshore,apa,6986642457,None,Alluring 1br 1ba w/ Balcony Washer and Dryer in Unit!,https://jerseyshore.craigslist.org/apa/d/denver-alluring-1br-1ba-balcony-washer/6986642457.html,2019-09-25,19:35,$1070,Denver,True,None,1,670ft2
New_Jersey,jerseyshore,jerseyshore,apa,6986603539,None,Studio Apartment,https://jerseyshore.craigslist.org/apa/d/seaside-park-studio-apartment/6986603539.html,2019-09-25,18:32,$1100,Seaside Heights,False,None,None,None
New_Jersey,jerseyshore,jerseyshore,apa,6967158581,None,"3+2 Bdrm 'home, Finished Basement, Good Kitchen Space!",https://jerseyshore.craigslist.org/apa/d/atlantic-city-32-bdrm-home-finished/6967158581.html,2019-09-25,18:31,$540,neptune,True,None,2,600ft2
New_Jersey,jerseyshore,jerseyshore,apa,6986565103,None,Large 1 Bedroom 1 Bath w/ Stainless Steel Appliances,https://jerseyshore.craigslist.org/apa/d/mesquite-large-1-bedroom-1-bath/6986565103.html,2019-09-25,17:38,$885,"4035 Towne Crossing Blvd. Mesquite, TX",True,None,1,558ft2
New_Jersey,jerseyshore,jerseyshore,apa,6986564456,None,"Spacious, Walk In Closets, A lot of Storage, Bark Park! Call us Now!",https://jerseyshore.craigslist.org/apa/d/mesquite-spacious-walk-in-closets-lot/6986564456.html,2019-09-25,17:37,$1243,"4035 Towne Crossing Blvd. Mesquite, TX",True,None,2,793ft2
New_Jersey,jerseyshore,jerseyshore,apa,6986563384,None,"Large Closets, Great Location, Cozy Fireplace! Call Us Now to Tour!",https://jerseyshore.craigslist.org/apa/d/mesquite-large-closets-great-location/6986563384.html,2019-09-25,17:36,$875,"4035 Towne Crossing Blvd. Mesquite, TX",True,None,1,558ft2
New_Jersey,jerseyshore,jerseyshore,apa,6986543001,None,"1,400 sq ft modern condo at Bella",https://jerseyshore.craigslist.org/apa/d/atlantic-city-1400-sq-ft-modern-condo/6986543001.html,2019-09-25,17:09,$1770,"Atlantic City, NJ",True,None,2,1400ft2
New_Jersey,jerseyshore,jerseyshore,apa,6986531157,6839919832,"♚You Deserve The Royal Treatment,Service Fit For a Kings Col. Resident",https://jerseyshore.craigslist.org/apa/d/savannah-you-deserve-the-royal/6986531157.html,2019-09-25,17:07,$809,GEOURGETOWN-SOUTHSIDE,True,None,1,576ft2
New_Jersey,jerseyshore,jerseyshore,apa,6986533465,None,3 bedroom winter rental,https://jerseyshore.craigslist.org/apa/d/manasquan-3-bedroom-winter-rental/6986533465.html,2019-09-25,16:57,$925,manasquan,True,None,None,None
New_Jersey,jerseyshore,jerseyshore,apa,6986530085,6914162837,3 bedroom winter,https://jerseyshore.craigslist.org/apa/d/sea-girt-3-bedroom-winter/6986530085.html,2019-09-25,16:53,$900,manasquan,True,None,None,None
New_Jersey,jerseyshore,jerseyshore,apa,6986529573,6914163829,3 bedroom winter rental,https://jerseyshore.craigslist.org/apa/d/sea-girt-3-bedroom-winter-rental/6986529573.html,2019-09-25,16:52,$750,manasquan,True,None,None,None
New_Jersey,jerseyshore,jerseyshore,apa,6986529066,None,Move In Today!!!,https://jerseyshore.craigslist.org/apa/d/south-houston-move-in-today/6986529066.html,2019-09-25,16:52,$1025,Houston,True,None,2,1069ft2
New_Jersey,jerseyshore,jerseyshore,apa,6986496793,None,OPEN HOUSE SUNDAY 11-4,https://jerseyshore.craigslist.org/apa/d/neptune-open-house-sunday-11-4/6986496793.html,2019-09-25,16:32,$1425,Neptune City,True,None,None,794ft2
New_Jersey,jerseyshore,jerseyshore,apa,6971581767,None,Toms River Ranch with Country Club Living,https://jerseyshore.craigslist.org/apa/d/toms-river-toms-river-ranch-with/6971581767.html,2019-09-25,16:23,$2850,Toms River,True,None,3,2000ft2
New_Jersey,jerseyshore,jerseyshore,apa,6986464920,None,3 bedroom home for rent,https://jerseyshore.craigslist.org/apa/d/howell-3-bedroom-home-for-rent/6986464920.html,2019-09-25,15:40,$1900,Howell,True,None,3,None
New_Jersey,jerseyshore,jerseyshore,apa,6986423925,None,Very Beautiful remolded 2bed 2bath House for rent,https://jerseyshore.craigslist.org/apa/d/island-heights-very-beautiful-remolded/6986423925.html,2019-09-25,14:54,$1250,Manchester,True,None,2,None
New_Jersey,jerseyshore,jerseyshore,apa,6986419852,6202233753,2 Bedroom / 1 Bathroom cape cod style home,https://jerseyshore.craigslist.org/apa/d/2-bedroom-1-bathroom-cape-cod-style-home/6986419852.html,2019-09-25,14:43,$1100,"Brick, NJ",True,None,2,700ft2
New_Jersey,jerseyshore,jerseyshore,apa,6984833516,4802111117,Two Bedroom Upgrade,https://jerseyshore.craigslist.org/apa/d/tuckerton-two-bedroom-upgrade/6984833516.html,2019-09-25,14:27,$1389,Tuckerton,True,None,2,833ft2
New_Jersey,jerseyshore,jerseyshore,apa,6986399462,None,"Modern Fixtures, Upgraded Kitchen, Laundry Room",https://jerseyshore.craigslist.org/apa/d/spring-lake-modern-fixtures-upgraded/6986399462.html,2019-09-25,14:21,$1650,Spring Lake Heights,True,None,1,None
New_Jersey,jerseyshore,jerseyshore,apa,6986336355,None,1 BR Apt- Winter Rental,https://jerseyshore.craigslist.org/apa/d/asbury-park-1-br-apt-winter-rental/6986336355.html,2019-09-25,13:14,$1200,Asbury Park,True,None,1,500ft2
New_Jersey,jerseyshore,jerseyshore,apa,6986302165,None,Second Floor Condo Unit for Rent,https://jerseyshore.craigslist.org/apa/d/woodbridge-second-floor-condo-unit-for/6986302165.html,2019-09-25,12:39,$1800,Woodbridge,True,None,2,None
New_Jersey,jerseyshore,jerseyshore,apa,6986285176,None,"Contemporary Finishes, Multiple Closets, Central AC",https://jerseyshore.craigslist.org/apa/d/spring-lake-contemporary-finishes/6986285176.html,2019-09-25,12:21,$1899,Spring Lake Heights,True,None,1,None
New_Jersey,jerseyshore,jerseyshore,apa,6978625966,None,Problem Tenants? We Can Help,https://jerseyshore.craigslist.org/apa/d/red-bank-problem-tenants-we-can-help/6978625966.html,2019-09-25,12:06,$0,Red Bank,True,None,None,None
New_Jersey,jerseyshore,jerseyshore,apa,6986249067,None,Beauitful Winter Home Rental in Bradley Beach AVAILBLE NOW!,https://jerseyshore.craigslist.org/apa/d/bradley-beach-beauitful-winter-home/6986249067.html,2019-09-25,11:41,$1875,Bradley Beach,True,None,4,None
New_Jersey,jerseyshore,jerseyshore,apa,6986210083,None,OPEN HOUSE SUNDAY 11-4,https://jerseyshore.craigslist.org/apa/d/neptune-open-house-sunday-11-4/6986210083.html,2019-09-25,11:16,$1425,Neptune City,True,None,None,794ft2
New_Jersey,jerseyshore,jerseyshore,apa,6986223204,None,Studio Apt near AP Boardwalk - UTILITIES INCLUDED!,https://jerseyshore.craigslist.org/apa/d/allenhurst-studio-apt-near-ap-boardwalk/6986223204.html,2019-09-25,11:13,$1200,"Asbury Park, NJ",True,None,None,360ft2
New_Jersey,jerseyshore,jerseyshore,apa,6986205136,6361490630,Oceanfront Building! One Bedroom- $499 Sec Dep! Free Utilities!*,https://jerseyshore.craigslist.org/apa/d/atlantic-city-oceanfront-building-one/6986205136.html,2019-09-25,10:52,$1030,Atlantic City,False,None,1,628ft2
New_Jersey,jerseyshore,jerseyshore,apa,6986187599,None,Move In Today!!!,https://jerseyshore.craigslist.org/apa/d/south-houston-move-in-today/6986187599.html,2019-09-25,10:31,$1025,Houston,True,None,2,1069ft2
New_Jersey,jerseyshore,jerseyshore,apa,6986165820,None,"Don''t Wait!! This home will not last! A gorgeous 2 bedroom, 1 full",https://jerseyshore.craigslist.org/apa/d/toms-river-dont-wait-this-home-will-not/6986165820.html,2019-09-25,10:15,$850,"Toms River, NJ",True,None,2,1092ft2
New_Jersey,jerseyshore,jerseyshore,apa,6986164132,None,Why Rent when you can buy or Just Rent,https://jerseyshore.craigslist.org/apa/d/hazlet-why-rent-when-you-can-buy-or/6986164132.html,2019-09-25,10:00,$2100,Hazlet Township,True,None,3,1200ft2
New_Jersey,jerseyshore,jerseyshore,apa,6986159578,None,ANNUAL BELMAR RENTAL,https://jerseyshore.craigslist.org/apa/d/belmar-annual-belmar-rental/6986159578.html,2019-09-25,09:54,$2000,Belmar nj,True,None,2,None
New_Jersey,jerseyshore,jerseyshore,apa,6986148141,None,"Leasing Now, Storage, Hardwood Floors",https://jerseyshore.craigslist.org/apa/d/spring-lake-leasing-now-storage/6986148141.html,2019-09-25,09:37,$1650,Spring Lake Heights,True,None,1,None
New_Jersey,jerseyshore,jerseyshore,apa,6986134241,None,***FALL SPECIALS*** PLEASANT LIVING IN COASTAL TOWNSHIP,https://jerseyshore.craigslist.org/apa/d/oakhurst-fall-specials-pleasant-living/6986134241.html,2019-09-25,09:23,$1085,"OCEAN, NJ",True,None,1,None
New_Jersey,jerseyshore,jerseyshore,apa,6986130328,None,1 month free! Don't pass up this fall special!,https://jerseyshore.craigslist.org/apa/d/matawan-1-month-free-dont-pass-up-this/6986130328.html,2019-09-25,09:09,$2310,Atlantic Highlands,True,None,2,1300ft2
New_Jersey,jerseyshore,jerseyshore,apa,6986120032,None,Silverton Rental,https://jerseyshore.craigslist.org/apa/d/toms-river-silverton-rental/6986120032.html,2019-09-25,08:49,$1250,Yorktowne blvd,False,None,1,None
New_Jersey,jerseyshore,jerseyshore,apa,6986119329,None,"Modern Appliances, Private Entrance, Picnic Area",https://jerseyshore.craigslist.org/apa/d/spring-lake-modern-appliances-private/6986119329.html,2019-09-25,08:48,$1650,Spring Lake Heights,True,None,1,None
New_Jersey,jerseyshore,jerseyshore,apa,6986102561,6807411669,Brand New Luxury Town Homes in a Great Location!,https://jerseyshore.craigslist.org/apa/d/toms-river-brand-new-luxury-town-homes/6986102561.html,2019-09-25,08:29,$2895,None,True,None,3,None
New_Jersey,jerseyshore,jerseyshore,apa,6986101634,6729085770,Brand New Luxury Community!,https://jerseyshore.craigslist.org/apa/d/toms-river-brand-new-luxury-community/6986101634.html,2019-09-25,08:25,$2375,None,True,None,2,None
New_Jersey,jerseyshore,jerseyshore,apa,6986105281,6481047843,Save Up To $2835 On Select Townhomes!,https://jerseyshore.craigslist.org/apa/d/cologne-save-up-to-2835-on-select/6986105281.html,2019-09-25,08:12,$0,Mays Landing,True,None,3,None
New_Jersey,jerseyshore,jerseyshore,apa,6986105189,6481047843,Save Up To $3224 On Select Apartments!,https://jerseyshore.craigslist.org/apa/d/cologne-save-up-to-3224-on-select/6986105189.html,2019-09-25,08:11,$0,Mays Landing,True,None,2,None
New_Jersey,jerseyshore,jerseyshore,apa,6986103538,6538379072,Save Up To $2835 On Select Towhomes!,https://jerseyshore.craigslist.org/apa/d/cologne-save-up-to-2835-on-select/6986103538.html,2019-09-25,08:06,$0,None,True,None,3,None
New_Jersey,jerseyshore,jerseyshore,apa,6986102376,6834937106,Limited availability! Come take a tour! Leasing NOW!,https://jerseyshore.craigslist.org/apa/d/toms-river-limited-availability-come/6986102376.html,2019-09-25,08:03,$2850,None,True,None,3,None
New_Jersey,jerseyshore,jerseyshore,apa,6971182422,4180066447,Large 1 BR includes Util. near train station in Bradley Beach,https://jerseyshore.craigslist.org/apa/d/large-1-br-includes-util-near-train/6971182422.html,2019-09-25,07:46,$1300,606 Main Street Bradley Beach apt 6,False,None,1,None
New_Jersey,jerseyshore,jerseyshore,apa,6986091988,None,"Section 8 ok, Lots of Space, Call to see",https://jerseyshore.craigslist.org/apa/d/ocean-gate-section-8-ok-lots-of-space/6986091988.html,2019-09-25,07:23,$1950,Ocean Gate,True,None,4,None
New_Jersey,jerseyshore,jerseyshore,apa,6976984440,None,2 bed 1 bath,https://jerseyshore.craigslist.org/apa/d/belmar-2-bed-1-bath/6976984440.html,2019-09-25,06:57,$1700,Belmar,True,None,2,650ft2
New_Jersey,jerseyshore,jerseyshore,apa,6964973035,None,1849 Moore Rd,https://jerseyshore.craigslist.org/apa/d/toms-river-1849-moore-rd/6964973035.html,2019-09-24,21:21,$2350,Toms River,True,None,3,1806ft2
New_Jersey,jerseyshore,jerseyshore,apa,6985964702,6962130019,"Brand New Construction 2BR APT for Winter Rentals, Utilities included!",https://jerseyshore.craigslist.org/apa/d/seaside-heights-brand-new-construction/6985964702.html,2019-09-24,21:19,$1000,Seaside Heights,True,None,2,None
New_Jersey,jerseyshore,jerseyshore,apa,6981675658,5393390175,Seaside Park Winter Rentals -2 BR  Furnished-Includes Utilties - Ocean,https://jerseyshore.craigslist.org/apa/d/seaside-heights-seaside-park-winter/6981675658.html,2019-09-24,21:18,$880,Seaside Park,False,None,2,None
New_Jersey,jerseyshore,jerseyshore,apa,6981676882,6706201418,Ocean Block 2 BR Short Term Winter Rental! Utilities included.,https://jerseyshore.craigslist.org/apa/d/seaside-heights-ocean-block-2-br-short/6981676882.html,2019-09-24,21:17,$840,Seaside Heights,False,None,2,None
New_Jersey,jerseyshore,jerseyshore,apa,6985936906,None,Contractor looking for house to rent,https://jerseyshore.craigslist.org/apa/d/manahawkin-contractor-looking-for-house/6985936906.html,2019-09-24,20:25,$1900,Manahawkin - forked River,False,None,None,None
New_Jersey,jerseyshore,jerseyshore,apa,6985875245,None,"Annual Rental - 2 BR, 1 BA",https://jerseyshore.craigslist.org/apa/d/bradley-beach-annual-rental-2-br-1-ba/6985875245.html,2019-09-24,18:41,$1850,None,True,None,2,650ft2
New_Jersey,jerseyshore,jerseyshore,apa,6985852961,4879038032,Right Near AC! Come Live At Sunrise Bay!,https://jerseyshore.craigslist.org/apa/d/right-near-ac-come-live-at-sunrise-bay/6985852961.html,2019-09-24,18:07,$0,Galloway,False,None,2,None
New_Jersey,jerseyshore,jerseyshore,apa,6981088145,None,STUDIO,https://jerseyshore.craigslist.org/apa/d/jackson-studio/6981088145.html,2019-09-24,16:03,$1000,Cassville,True,None,1,275ft2
New_Jersey,jerseyshore,jerseyshore,apa,6966054051,None,Two Bedroom Plus - year round,https://jerseyshore.craigslist.org/apa/d/brielle-two-bedroom-plus-year-round/6966054051.html,2019-09-24,15:22,$1750,Point Pleasant Beach,True,None,2,None
New_Jersey,jerseyshore,jerseyshore,apa,6985705607,None,1 Month Free on 18-24 Month Lease Select Units!,https://jerseyshore.craigslist.org/apa/d/matawan-1-month-free-on-month-lease/6985705607.html,2019-09-24,15:09,$2310,Point Pleasant,True,None,2,1300ft2
New_Jersey,jerseyshore,jerseyshore,apa,6971417220,None,3 BEDROOM,https://jerseyshore.craigslist.org/apa/d/pleasantville-3-bedroom/6971417220.html,2019-09-24,14:53,$1150,Pleasantville,True,None,3,750ft2
New_Jersey,jerseyshore,jerseyshore,apa,6970687774,None,3 BEDROOM,https://jerseyshore.craigslist.org/apa/d/tuckerton-3-bedroom/6970687774.html,2019-09-24,14:35,$1450,Little Egg Harbor,True,None,3,1200ft2
New_Jersey,jerseyshore,jerseyshore,apa,6985636830,None,$199 Move In,https://jerseyshore.craigslist.org/apa/d/south-houston-199-move-in/6985636830.html,2019-09-24,13:55,$1025,Houston,True,None,None,1069ft2
New_Jersey,jerseyshore,jerseyshore,apa,6971977667,None,Winter rental - 1BR - Ship Bottom,https://jerseyshore.craigslist.org/apa/d/beach-haven-winter-rental-1br-ship/6971977667.html,2019-09-24,13:50,$975,Ship Bottom,False,None,1,None
New_Jersey,jerseyshore,jerseyshore,apa,6985602249,None,Single Room Furnished With Bed In A Individual House,https://jerseyshore.craigslist.org/apa/d/west-long-branch-single-room-furnished/6985602249.html,2019-09-24,13:24,$700,WEST LONG BRANCH,True,None,1,None
New_Jersey,jerseyshore,jerseyshore,apa,6985548297,6929556562,Renovated 2 Bedroom Apartment,https://jerseyshore.craigslist.org/apa/d/wildwood-renovated-2-bedroom-apartment/6985548297.html,2019-09-24,12:23,$1440,Wildwood,True,None,2,None
New_Jersey,jerseyshore,jerseyshore,apa,6985531711,None,One bedroom Available with Washer/ Dryer in Unit!,https://jerseyshore.craigslist.org/apa/d/matawan-one-bedroom-available-with/6985531711.html,2019-09-24,12:06,$1440,"Matawan, NJ",True,None,1,700ft2
New_Jersey,jerseyshore,jerseyshore,apa,6985498044,None,PLEASANT LIVING IN COASTAL TOWNSHIP,https://jerseyshore.craigslist.org/apa/d/oakhurst-pleasant-living-in-coastal/6985498044.html,2019-09-24,11:35,$1085,"OCEAN, NJ",True,None,1,None
New_Jersey,jerseyshore,jerseyshore,apa,6982618354,None,PLEASANT LIVING IN COASTAL TOWNSHIP,https://jerseyshore.craigslist.org/apa/d/oakhurst-pleasant-living-in-coastal/6982618354.html,2019-09-24,11:14,$1085,"OCEAN, NJ",True,None,1,None
New_Jersey,jerseyshore,jerseyshore,apa,6966378790,6931034943,Extra Large Luxury One Bedroom 12 Month Rental Only,https://jerseyshore.craigslist.org/apa/d/belmar-extra-large-luxury-one-bedroom/6966378790.html,2019-09-24,11:04,$2490,Belmar,True,None,1,1240ft2
New_Jersey,jerseyshore,jerseyshore,apa,6985423274,None,Welcome To Your New Home!,https://jerseyshore.craigslist.org/apa/d/neptune-welcome-to-your-new-home/6985423274.html,2019-09-24,10:44,$1425,Neptune City,True,None,None,794ft2
New_Jersey,jerseyshore,jerseyshore,apa,6985446834,None,Charming First Floor Unit for Winter Rental,https://jerseyshore.craigslist.org/apa/d/belmar-charming-first-floor-unit-for/6985446834.html,2019-09-24,10:33,$1600,Belmar,True,None,1,None
New_Jersey,jerseyshore,jerseyshore,apa,6985432787,None,Cozy 2 bedroom Beachtown Yearly Rental,https://jerseyshore.craigslist.org/apa/d/belmar-cozy-2-bedroom-beachtown-yearly/6985432787.html,2019-09-24,10:26,$1850,Belmar,True,None,2,None
New_Jersey,jerseyshore,jerseyshore,apa,6985435040,None,Move In Today!!!,https://jerseyshore.craigslist.org/apa/d/south-houston-move-in-today/6985435040.html,2019-09-24,10:18,$1025,Houston,True,None,2,1069ft2
New_Jersey,jerseyshore,jerseyshore,apa,6964877565,None,"Lux Beach Apt, Utilities Inc! 2 Bed + Home Office / 3 Bed Remodeled!",https://jerseyshore.craigslist.org/apa/d/brielle-lux-beach-apt-utilities-inc-2/6964877565.html,2019-09-24,10:09,$1760,Point Pleasant Beach,True,None,2,800ft2
New_Jersey,jerseyshore,jerseyshore,apa,6980611608,None,Two bedrooms here and waiting! Not for long though! Grab it quick!!,https://jerseyshore.craigslist.org/apa/d/neptune-two-bedrooms-here-and-waiting/6980611608.html,2019-09-24,09:59,$2000,None,True,None,None,None
New_Jersey,jerseyshore,jerseyshore,apa,6965260425,None,Jersey Shore Living! Come tour today at The Pointe!,https://jerseyshore.craigslist.org/apa/d/neptune-jersey-shore-living-come-tour/6965260425.html,2019-09-24,09:58,$1875,None,True,None,None,None
New_Jersey,jerseyshore,jerseyshore,apa,6972141012,None,Pet friendly! Rent one bedroom now! Right online!!,https://jerseyshore.craigslist.org/apa/d/neptune-pet-friendly-rent-one-bedroom/6972141012.html,2019-09-24,09:58,$1905,None,True,None,None,None
New_Jersey,jerseyshore,jerseyshore,apa,6978208998,None,4 Bedroom 2 Bathroom Winter Rental Close to the Beach,https://jerseyshore.craigslist.org/apa/d/belmar-4-bedroom-2-bathroom-winter/6978208998.html,2019-09-24,09:58,$1300,Belmar,True,None,4,1700ft2
New_Jersey,jerseyshore,jerseyshore,apa,6965491621,None,Located conveniently between the beach and Main Street.,https://jerseyshore.craigslist.org/apa/d/belmar-located-conveniently-between-the/6965491621.html,2019-09-24,09:31,$1200,"517 16th Ave, Belmar, NJ",True,None,3,2300ft2
New_Jersey,jerseyshore,jerseyshore,apa,6985391322,None,2 bedroom-year round lease,https://jerseyshore.craigslist.org/apa/d/seaside-heights-2-bedroom-year-round/6985391322.html,2019-09-24,09:14,$1350,Seadise Heights NJ,True,None,2,400ft2
New_Jersey,jerseyshore,jerseyshore,apa,6985378554,None,House for Rent,https://jerseyshore.craigslist.org/apa/d/keansburg-house-for-rent/6985378554.html,2019-09-24,08:51,$1275,"Keansburg, NJ",True,None,1,None
New_Jersey,jerseyshore,jerseyshore,apa,6985355085,6808604625,Call Gabrielle Run Home in this brand new community!,https://jerseyshore.craigslist.org/apa/d/toms-river-call-gabrielle-run-home-in/6985355085.html,2019-09-24,07:59,$2895,None,True,None,3,None
New_Jersey,jerseyshore,jerseyshore,apa,6985354513,6833362121,Pet Friendly! Call Today!,https://jerseyshore.craigslist.org/apa/d/toms-river-pet-friendly-call-today/6985354513.html,2019-09-24,07:58,$2375,None,True,None,2,None
New_Jersey,jerseyshore,jerseyshore,apa,6985354273,6538379072,Save Up To $2835 On Select Towhomes!,https://jerseyshore.craigslist.org/apa/d/cologne-save-up-to-2835-on-select/6985354273.html,2019-09-24,07:47,$0,None,True,None,3,None
New_Jersey,jerseyshore,jerseyshore,apa,6985353674,6538379072,Save Up To $2835 On Select Towhomes!,https://jerseyshore.craigslist.org/apa/d/cologne-save-up-to-2835-on-select/6985353674.html,2019-09-24,07:45,$0,None,True,None,3,None
New_Jersey,jerseyshore,jerseyshore,apa,6985349745,6538385400,Save Up To $2835 On Select Townhomes!,https://jerseyshore.craigslist.org/apa/d/cologne-save-up-to-2835-on-select/6985349745.html,2019-09-24,07:31,$0,Mays Landing,True,None,3,None
New_Jersey,jerseyshore,jerseyshore,apa,6985346450,6481774045,Save Up To $3224 On Select Apartments!,https://jerseyshore.craigslist.org/apa/d/cologne-save-up-to-3224-on-select/6985346450.html,2019-09-24,07:18,$0,Mays Landing,True,None,1,None
New_Jersey,jerseyshore,jerseyshore,apa,6980364727,None,Renting a 2 bed 2 bath,https://jerseyshore.craigslist.org/apa/d/margate-city-renting-2-bed-2-bath/6980364727.html,2019-09-24,01:36,$1400,08402,False,None,2,None
New_Jersey,jerseyshore,jerseyshore,apa,6985257768,None,2 bedroom/1 bath,https://jerseyshore.craigslist.org/apa/d/ocean-grove-2-bedroom-1-bath/6985257768.html,2019-09-23,23:58,$1800,"Asbury Park, NJ",True,None,2,None
New_Jersey,jerseyshore,jerseyshore,apa,6985264903,None,2 Bedroom plus Den and LARGE Finished Attic,https://jerseyshore.craigslist.org/apa/d/ocean-grove-2-bedroom-plus-den-and/6985264903.html,2019-09-23,23:14,$2300,"Asbury Park, NJ",True,None,2,None
New_Jersey,jerseyshore,jerseyshore,apa,6985184633,None,One bedroom waterfront condo Keansburg,https://jerseyshore.craigslist.org/apa/d/keansburg-one-bedroom-waterfront-condo/6985184633.html,2019-09-23,20:07,$1400,Keansburg NJ,True,None,1,700ft2
New_Jersey,jerseyshore,jerseyshore,apa,6985163703,None,One Bedroom Apartment - close to the beach,https://jerseyshore.craigslist.org/apa/d/keyport-one-bedroom-apartment-close-to/6985163703.html,2019-09-23,19:34,$1450,Union Beach,False,None,1,None
New_Jersey,jerseyshore,jerseyshore,apa,6985163530,None,2 Bedroom apartment - 50 feet from the beach,https://jerseyshore.craigslist.org/apa/d/rumson-2-bedroom-apartment-50-feet-from/6985163530.html,2019-09-23,19:33,$1750,Sea Bright,True,None,2,None
New_Jersey,jerseyshore,jerseyshore,apa,6985158319,None,Waterfront 3 bedroom home - Yearly Rental,https://jerseyshore.craigslist.org/apa/d/toms-river-waterfront-3-bedroom-home/6985158319.html,2019-09-23,19:25,$2450,Silverton,True,None,3,None
New_Jersey,jerseyshore,jerseyshore,apa,6985034637,None,Amazing Apartment for Rent!,https://jerseyshore.craigslist.org/apa/d/seaside-heights-amazing-apartment-for/6985034637.html,2019-09-23,18:08,$740,jersey shore,True,None,None,None
New_Jersey,jerseyshore,jerseyshore,apa,6985054147,None,One bedrooms and two available! Call us now!,https://jerseyshore.craigslist.org/apa/d/neptune-one-bedrooms-and-two-available/6985054147.html,2019-09-23,17:06,$1645,None,True,None,None,None
New_Jersey,jerseyshore,jerseyshore,apa,6984952309,None,○Beautiful Well Maintained Home WithAwesome Waterview Of The Raritan B,https://jerseyshore.craigslist.org/apa/d/matawan-beautiful-well-maintained-home/6984952309.html,2019-09-23,17:01,$1155,"Aberdeen, NJ",True,None,None,None
New_Jersey,jerseyshore,jerseyshore,apa,6971823443,None,House For Rent,https://jerseyshore.craigslist.org/apa/d/seaside-park-house-for-rent/6971823443.html,2019-09-23,16:53,$1395,*SEASIDE PARK*,True,None,2,None
New_Jersey,jerseyshore,jerseyshore,apa,6974923901,6540469365,2 Bedroom Apartment Immediate Avilability,https://jerseyshore.craigslist.org/apa/d/toms-river-2-bedroom-apartment/6974923901.html,2019-09-23,16:50,$1445,None,False,None,2,None
New_Jersey,jerseyshore,jerseyshore,apa,6985030548,6950737063,BEAUTIFUL APARTMENT,https://jerseyshore.craigslist.org/apa/d/avon-by-the-sea-beautiful-apartment/6985030548.html,2019-09-23,16:39,$1700,AVON BY THE SEA,True,None,1,None
New_Jersey,jerseyshore,jerseyshore,apa,6985012417,None,Lease Today!!! Move In Today!!! Only $99 Total Move In,https://jerseyshore.craigslist.org/apa/d/south-houston-lease-today-move-in-today/6985012417.html,2019-09-23,16:17,$725,Houston,True,None,1,578ft2
New_Jersey,jerseyshore,jerseyshore,apa,6985003378,None,Move In Today!!!,https://jerseyshore.craigslist.org/apa/d/south-houston-move-in-today/6985003378.html,2019-09-23,16:07,$1025,Houston,True,None,2,1069ft2
New_Jersey,jerseyshore,jerseyshore,apa,6984945782,None,Beautifully renovated 2nd floor 2 bedroom plus office den with finishe,https://jerseyshore.craigslist.org/apa/d/asbury-park-beautifully-renovated-2nd/6984945782.html,2019-09-23,15:46,$1000,"1111 2nd Ave, Asbury Park, NJ",True,None,2,None
New_Jersey,jerseyshore,jerseyshore,apa,6984933735,None,Experience Jumping Brook today!,https://jerseyshore.craigslist.org/apa/d/neptune-experience-jumping-brook-today/6984933735.html,2019-09-23,15:32,$1425,Neptune City,True,None,None,794ft2
New_Jersey,jerseyshore,jerseyshore,apa,6984966967,None,WINTER RENTAL - 3BR 2 ba renovated home - $1700/mo,https://jerseyshore.craigslist.org/apa/d/point-pleasant-beach-winter-rental-3br/6984966967.html,2019-09-23,15:28,$1700,Point Pleasant Beach,True,None,3,None
New_Jersey,jerseyshore,jerseyshore,apa,6982866538,None,3BR 1 bath ANNUAL RENTAL ~ $2250/mo,https://jerseyshore.craigslist.org/apa/d/point-pleasant-beach-3br-1-bath-annual/6982866538.html,2019-09-23,15:23,$2250,Point Pleasant Boro,True,None,3,None
New_Jersey,jerseyshore,jerseyshore,apa,6984954704,None,Winter Rental Spring Lake N j,https://jerseyshore.craigslist.org/apa/d/spring-lake-winter-rental-spring-lake-j/6984954704.html,2019-09-23,15:15,$1300,Spring Lake,False,None,2,None
New_Jersey,jerseyshore,jerseyshore,apa,6965845889,5409780277,PRIVATE OWNER CURRENTLY 2-6 BEDROOMS AVAIL IN NORTHUMBERLAND COUNTY,https://jerseyshore.craigslist.org/apa/d/private-owner-currently-2-6-bedrooms/6965845889.html,2019-09-23,15:13,$595,PETS OK-GARAGE-LRG YARD-FREE RENT!,True,None,6,None
New_Jersey,jerseyshore,jerseyshore,apa,6984942289,None,Professional Studio apartment for rent yearly lease,https://jerseyshore.craigslist.org/apa/d/ocean-grove-professional-studio/6984942289.html,2019-09-23,15:02,$905,ocean grove,True,None,None,None
New_Jersey,jerseyshore,jerseyshore,apa,6970669483,None,Renovated remodeled 2 Bedroom 1 Bath home in Jersey Shore $360,https://jerseyshore.craigslist.org/apa/d/jersey-shore-renovated-remodeled-2/6970669483.html,2019-09-23,14:46,$360,Jersey Shore,True,None,2,None
New_Jersey,jerseyshore,jerseyshore,apa,6984921686,None,"Leasing Now, Pool, Landscaped Grounds",https://jerseyshore.craigslist.org/apa/d/spring-lake-leasing-now-pool-landscaped/6984921686.html,2019-09-23,14:41,$1650,Spring Lake Heights,True,None,1,None
New_Jersey,jerseyshore,jerseyshore,apa,6984898045,None,"*NEW* 2 BR Terrace Suite Winter Rental, Utilities Included",https://jerseyshore.craigslist.org/apa/d/seaside-heights-new-2-br-terrace-suite/6984898045.html,2019-09-23,14:17,$880,"Seaside Heights, NJ",True,None,2,None
New_Jersey,jerseyshore,jerseyshore,apa,6984857879,None,"Settle in and feel at home in this spacious 3 BR, 2 BA home. Enjoy rec",https://jerseyshore.craigslist.org/apa/d/manasquan-settle-in-and-feel-at-home-in/6984857879.html,2019-09-23,13:37,$1350,"Manasquan, NJ",True,None,3,None
New_Jersey,jerseyshore,jerseyshore,apa,6984832458,None,"Check out our location! Shopping, parking, and more!!",https://jerseyshore.craigslist.org/apa/d/neptune-check-out-our-location-shopping/6984832458.html,2019-09-23,13:12,$1905,None,True,None,None,None
New_Jersey,jerseyshore,jerseyshore,apa,6984738472,None,Welcome To Your New Home!,https://jerseyshore.craigslist.org/apa/d/neptune-welcome-to-your-new-home/6984738472.html,2019-09-23,12:16,$1425,Neptune City,True,None,None,794ft2
New_Jersey,jerseyshore,jerseyshore,apa,6984774087,None,"Professionally Managed, Stainless Steel Appliances, Multiple Closets",https://jerseyshore.craigslist.org/apa/d/spring-lake-professionally-managed/6984774087.html,2019-09-23,12:15,$1899,Spring Lake Heights,True,None,1,None
New_Jersey,jerseyshore,jerseyshore,apa,6982754352,None,"Opens up to family rm, with New sky lite June 2019.",https://jerseyshore.craigslist.org/apa/d/brick-opens-up-to-family-rm-with-new/6982754352.html,2019-09-23,12:07,$1000,"Brick, NJ",True,None,3,1746ft2
New_Jersey,jerseyshore,jerseyshore,apa,6984747595,None,Pet friendly and an immediate move in! Call now!!,https://jerseyshore.craigslist.org/apa/d/neptune-pet-friendly-and-an-immediate/6984747595.html,2019-09-23,11:49,$2000,None,True,None,None,None
New_Jersey,jerseyshore,jerseyshore,apa,6972075876,None,3 bedroom house with garage and fenced in yard,https://jerseyshore.craigslist.org/apa/d/brick-3-bedroom-house-with-garage-and/6972075876.html,2019-09-23,11:30,$1900,Brick,True,None,3,1200ft2
New_Jersey,jerseyshore,jerseyshore,apa,6971548945,None,3 BEDROOM COLONIAL,https://jerseyshore.craigslist.org/apa/d/west-creek-3-bedroom-colonial/6971548945.html,2019-09-23,11:30,$1650,West Creek,True,None,3,1200ft2
New_Jersey,jerseyshore,jerseyshore,apa,6984722960,None,Beautiful 3bdr 2bt home for rent - dog friendly,https://jerseyshore.craigslist.org/apa/d/brick-beautiful-3bdr-2bt-home-for-rent/6984722960.html,2019-09-23,11:24,$2200,Brick,True,None,3,None
New_Jersey,jerseyshore,jerseyshore,apa,6984636022,None,@@@^~Beautiful Home 3Beds/2BathsAvailable For Move In ready **,https://jerseyshore.craigslist.org/apa/d/ocean-city-beautiful-home-3beds/6984636022.html,2019-09-23,11:23,$1566,None,True,None,3,2393ft2
New_Jersey,jerseyshore,jerseyshore,apa,6984718312,None,"Ready to Rent, Plenty of Space,  Call to see, Section 8 taken",https://jerseyshore.craigslist.org/apa/d/ocean-gate-ready-to-rent-plenty-of/6984718312.html,2019-09-23,11:20,$1950,Ocean Gate,True,None,4,None
New_Jersey,jerseyshore,jerseyshore,apa,6984636012,None,@@@^~Beautiful Home 3Beds/2BathsAvailable For Move In ready **,https://jerseyshore.craigslist.org/apa/d/ocean-city-beautiful-home-3beds/6984636012.html,2019-09-23,11:06,$1566,None,True,None,3,2393ft2
New_Jersey,jerseyshore,jerseyshore,apa,6984702881,4347945047,Point Pleasant Beach - Year Round,https://jerseyshore.craigslist.org/apa/d/point-pleasant-beach-year-round/6984702881.html,2019-09-23,11:03,$1250,Point Pleasant Beach,False,None,2,500ft2
New_Jersey,jerseyshore,jerseyshore,apa,6984691084,None,"3 bedroom 2 bath , quiet section 8 approved",https://jerseyshore.craigslist.org/apa/d/toms-river-3-bedroom-2-bath-quiet/6984691084.html,2019-09-23,10:50,$1900,south toms river nj,True,None,3,None
New_Jersey,jerseyshore,jerseyshore,apa,6967363175,None,Single Family House for Rent,https://jerseyshore.craigslist.org/apa/d/hazlet-single-family-house-for-rent/6967363175.html,2019-09-23,10:48,$3200,"221 Middle Rd, Hazlet, NJ",False,None,4,2000ft2
New_Jersey,jerseyshore,jerseyshore,apa,6964860055,6813139344,NOW TAKING APPLICATIONS FOR NOVEMBER-DECEMBER MOVE-INS!!!,https://jerseyshore.craigslist.org/apa/d/eatontown-now-taking-applications-for/6964860055.html,2019-09-23,10:45,$1750,SHREWSBURY TOWNSHIP,True,None,2,840ft2
New_Jersey,jerseyshore,jerseyshore,apa,6964859759,6812872782,NOW TAKING APPLICATIONS FOR NOVEMBER-DECEMBER MOVE-INS!!!,https://jerseyshore.craigslist.org/apa/d/eatontown-now-taking-applications-for/6964859759.html,2019-09-23,10:43,$1475,SHREWSBURY TOWNSHIP,True,None,1,640ft2
New_Jersey,jerseyshore,jerseyshore,apa,6984663667,6795421128,Call for availability! Come in for a tour! Check us out!,https://jerseyshore.craigslist.org/apa/d/toms-river-call-for-availability-come/6984663667.html,2019-09-23,10:42,$2895,None,True,None,3,None
New_Jersey,jerseyshore,jerseyshore,apa,6984660168,6834937106,Come take a tour! Pet Friendly!!,https://jerseyshore.craigslist.org/apa/d/toms-river-come-take-tour-pet-friendly/6984660168.html,2019-09-23,10:32,$2375,None,True,None,2,None
New_Jersey,jerseyshore,jerseyshore,apa,6984662854,6801823935,3 BR 2.5 Bath Available! Call for More!,https://jerseyshore.craigslist.org/apa/d/toms-river-3-br-25-bath-available-call/6984662854.html,2019-09-23,10:22,$2850,None,True,None,3,None
New_Jersey,jerseyshore,jerseyshore,apa,6966718470,5993193394,Renovated Red Bank Gem!,https://jerseyshore.craigslist.org/apa/d/red-bank-renovated-red-bank-gem/6966718470.html,2019-09-23,10:21,$3000,Chestnut Street,True,None,2,1200ft2
New_Jersey,jerseyshore,jerseyshore,apa,6984648241,4562754178,STUDIO/PRIVATE ROOM,https://jerseyshore.craigslist.org/apa/d/studio-private-room/6984648241.html,2019-09-23,09:59,$750,TOMS RIVER,False,None,1,None
New_Jersey,jerseyshore,jerseyshore,apa,6984640842,4879038032,Right Near AC! Come Live At Sunrise Bay!,https://jerseyshore.craigslist.org/apa/d/right-near-ac-come-live-at-sunrise-bay/6984640842.html,2019-09-23,09:49,$0,Galloway,False,None,2,None
New_Jersey,jerseyshore,jerseyshore,apa,6984638152,None,2 bedroom 1.5 bath,https://jerseyshore.craigslist.org/apa/d/brielle-2-bedroom-15-bath/6984638152.html,2019-09-23,09:46,$2280,Brielle,False,None,2,1500ft2
New_Jersey,jerseyshore,jerseyshore,apa,6966529400,None,WINTER RENTAL INCLUDES UTILITY'S (5) HOUSES to BEACH SLEEPS (6),https://jerseyshore.craigslist.org/apa/d/seaside-heights-winter-rental-includes/6966529400.html,2019-09-23,09:38,$1500,SEASIDE HEIGHTS - NORTH END,True,None,3,1600ft2
New_Jersey,jerseyshore,jerseyshore,apa,6984622926,None,Brick Home For Rent Three Bedroom garage Den large yard,https://jerseyshore.craigslist.org/apa/d/brick-brick-home-for-rent-three-bedroom/6984622926.html,2019-09-23,09:23,$1850,Baywood,True,None,3,1500ft2
New_Jersey,jerseyshore,jerseyshore,apa,6984618547,None,"Designer Fixtures, Picnic Area, Some Utilities Included",https://jerseyshore.craigslist.org/apa/d/spring-lake-designer-fixtures-picnic/6984618547.html,2019-09-23,09:17,$1650,Spring Lake Heights,True,None,1,None
New_Jersey,jerseyshore,jerseyshore,apa,6984603761,None,"Right Around The Corner, Near Everywhere You Want To Be!",https://jerseyshore.craigslist.org/apa/d/matawan-right-around-the-corner-near/6984603761.html,2019-09-23,08:51,$1970,Atlantic Highlands,True,None,1,962ft2
New_Jersey,jerseyshore,jerseyshore,apa,6984587535,6529167608,Save Up To $3224 On Select Apartments!,https://jerseyshore.craigslist.org/apa/d/cologne-save-up-to-3224-on-select/6984587535.html,2019-09-23,08:14,$0,Mays Landing,True,None,1,None
New_Jersey,jerseyshore,jerseyshore,apa,6984586705,6526497014,Save Up To $3224 On Select Apartments!,https://jerseyshore.craigslist.org/apa/d/cologne-save-up-to-3224-on-select/6984586705.html,2019-09-23,08:12,$0,Mays Landing,True,None,2,None
New_Jersey,jerseyshore,jerseyshore,apa,6984586506,6525391631,Save Up To $3224 On Select Apartments!,https://jerseyshore.craigslist.org/apa/d/cologne-save-up-to-3224-on-select/6984586506.html,2019-09-23,08:11,$0,None,True,None,2,None
New_Jersey,jerseyshore,jerseyshore,apa,6965619426,5414964712,Nice furnished 2 bed apartment for rent,https://jerseyshore.craigslist.org/apa/d/nice-furnished-2-bed-apartment-for-rent/6965619426.html,2019-09-23,07:41,$1300,WILDWOOD CREST,True,None,2,None
New_Jersey,jerseyshore,jerseyshore,apa,6984505262,6949534533,WINTER RENTAL 2BR 1 Bath Perfectly located near Asbury Park,https://jerseyshore.craigslist.org/apa/d/ocean-grove-winter-rental-2br-1-bath/6984505262.html,2019-09-22,23:49,$1680,Ocean Grove,True,None,2,1200ft2
New_Jersey,jerseyshore,jerseyshore,apa,6984485407,None,single family house for rent in east brunswick,https://jerseyshore.craigslist.org/apa/d/east-brunswick-single-family-house-for/6984485407.html,2019-09-22,22:45,$2500,east brunswick,True,None,4,None
New_Jersey,jerseyshore,jerseyshore,apa,6984482371,None,Winter on the Bay,https://jerseyshore.craigslist.org/apa/d/toms-river-winter-on-the-bay/6984482371.html,2019-09-22,22:37,$1800,Silverton,False,None,4,None
New_Jersey,jerseyshore,jerseyshore,apa,6984482008,None,Studio 1/2 block from the beach!,https://jerseyshore.craigslist.org/apa/d/ocean-city-studio-1-2-block-from-the/6984482008.html,2019-09-22,22:36,$650,"Ocean City, NJ",True,None,1,None
New_Jersey,jerseyshore,jerseyshore,apa,6979643798,5779023237,Waterfront Home- Winter Rental,https://jerseyshore.craigslist.org/apa/d/waterfront-home-winter-rental/6979643798.html,2019-09-22,22:20,$1950,Brick,True,None,3,1600ft2
New_Jersey,jerseyshore,jerseyshore,apa,6973806833,None,Annual Rental in Desirable Sands Point North!,https://jerseyshore.craigslist.org/apa/d/monmouth-beach-annual-rental-in/6973806833.html,2019-09-22,18:25,$2200,"Monmouth Beach, NJ",True,None,1,1056ft2
New_Jersey,jerseyshore,jerseyshore,apa,6984357255,2531850467,"All utilities included,  3 blocks to beach,",https://jerseyshore.craigslist.org/apa/d/all-utilities-included-3-blocks-to-beach/6984357255.html,2019-09-22,18:22,$1490,"Ocean Grove, NJ",True,None,2,None
New_Jersey,jerseyshore,jerseyshore,apa,6965874530,None,3 bedroom 1 bath west allenhurst ocean township school walk to train beach park,https://jerseyshore.craigslist.org/apa/d/allenhurst-3-bedroom-1-bath-west/6965874530.html,2019-09-22,18:10,$2500,Allenhurst,True,None,3,None
New_Jersey,jerseyshore,jerseyshore,apa,6984316972,None,"Luxury, Location, and Convenience.",https://jerseyshore.craigslist.org/apa/d/jersey-shore-luxury-location-and/6984316972.html,2019-09-22,17:36,$720,None,False,None,None,None
New_Jersey,jerseyshore,jerseyshore,apa,6984308261,None,Has Section 8 Rental Needs An Place,https://jerseyshore.craigslist.org/apa/d/brigantine-has-section-8-rental-needs/6984308261.html,2019-09-22,17:05,$0,None,False,None,None,None
New_Jersey,jerseyshore,jerseyshore,apa,6984271394,None,2 BEDROOM,https://jerseyshore.craigslist.org/apa/d/pleasantville-2-bedroom/6984271394.html,2019-09-22,16:33,$950,Pleasantville,True,None,2,550ft2
New_Jersey,jerseyshore,jerseyshore,apa,6972479538,None,4 BEDROOM COLONIAL,https://jerseyshore.craigslist.org/apa/d/west-creek-4-bedroom-colonial/6972479538.html,2019-09-22,16:30,$1850,Little Egg Harbor,True,None,4,1550ft2
New_Jersey,jerseyshore,jerseyshore,apa,6984252637,None,One and two bedrooms for rent! Call now!!,https://jerseyshore.craigslist.org/apa/d/neptune-one-and-two-bedrooms-for-rent/6984252637.html,2019-09-22,15:44,$2155,None,True,None,None,None
New_Jersey,jerseyshore,jerseyshore,apa,6984245966,None,Experience Jumping Brook today!,https://jerseyshore.craigslist.org/apa/d/neptune-experience-jumping-brook-today/6984245966.html,2019-09-22,15:42,$1425,Neptune City,True,None,None,794ft2
New_Jersey,jerseyshore,jerseyshore,apa,6984226476,None,"2 bed, 1 bath, 2nd floor apartment in Red Bank, NJ",https://jerseyshore.craigslist.org/apa/d/shrewsbury-2-bed-1-bath-2nd-floor/6984226476.html,2019-09-22,15:07,$1900,"Red Bank, NJ",True,None,2,900ft2
New_Jersey,jerseyshore,jerseyshore,apa,6984207048,None,Lovely 2 Bedroom Apartment… Waiting for You to Make it Home!,https://jerseyshore.craigslist.org/apa/d/matawan-lovely-2-bedroom-apartment/6984207048.html,2019-09-22,14:40,$2310,Atlantic Highlands,True,None,2,1300ft2
New_Jersey,jerseyshore,jerseyshore,apa,6984148527,None,Welcome To Your New Home!,https://jerseyshore.craigslist.org/apa/d/neptune-welcome-to-your-new-home/6984148527.html,2019-09-22,14:23,$1425,Neptune City,True,None,None,794ft2
New_Jersey,jerseyshore,jerseyshore,apa,6984149815,None,3 Bedroom House Pets Ok – NO SMOKING,https://jerseyshore.craigslist.org/apa/d/brick-3-bedroom-house-pets-ok-no-smoking/6984149815.html,2019-09-22,13:21,$1950,Brick,True,None,3,None
New_Jersey,jerseyshore,jerseyshore,apa,6984094494,None,"house for rent, Little Ferry N___J",https://jerseyshore.craigslist.org/apa/d/morganville-house-for-rent-little-ferry/6984094494.html,2019-09-22,13:06,$850,"30 Mehrhof Rd, Little Ferry",True,None,None,None
New_Jersey,jerseyshore,jerseyshore,apa,6984094940,None,We know location can be key...thats why were near all things big!,https://jerseyshore.craigslist.org/apa/d/neptune-we-know-location-can-be/6984094940.html,2019-09-22,12:03,$1875,None,True,None,None,None
New_Jersey,jerseyshore,jerseyshore,apa,6984094763,6950706221,Winter Rental 1 BR Apt Long Beach Island,https://jerseyshore.craigslist.org/apa/d/beach-haven-winter-rental-1-br-apt-long/6984094763.html,2019-09-22,12:03,$695,North Beach,True,None,1,600ft2
New_Jersey,jerseyshore,jerseyshore,apa,6984091790,None,"Winter rental in Brigantine, NJ",https://jerseyshore.craigslist.org/apa/d/brigantine-winter-rental-in-brigantine/6984091790.html,2019-09-22,11:59,$950,"Brigantine, NJ",True,None,2,None
New_Jersey,jerseyshore,jerseyshore,apa,6977871969,None,Ocean Grove - Steps to Asbury Park 3BR Bungalow - Winter Rental,https://jerseyshore.craigslist.org/apa/d/ocean-grove-ocean-grove-steps-to-asbury/6977871969.html,2019-09-22,11:52,$1450,Ocean Grove,True,None,3,1300ft2
New_Jersey,jerseyshore,jerseyshore,apa,6982623795,None,For rent or sale,https://jerseyshore.craigslist.org/apa/d/hightstown-for-rent-or-sale/6982623795.html,2019-09-22,11:43,$1700,Hightstown,True,None,2,1163ft2
New_Jersey,jerseyshore,jerseyshore,apa,6984076470,4879038032,Right Near AC! Come Live At Sunrise Bay!,https://jerseyshore.craigslist.org/apa/d/right-near-ac-come-live-at-sunrise-bay/6984076470.html,2019-09-22,11:35,$0,Galloway,False,None,2,None
New_Jersey,jerseyshore,jerseyshore,apa,6984076263,4586109395,Winter Rental-Bayfront Condo,https://jerseyshore.craigslist.org/apa/d/winter-rental-bayfront-condo/6984076263.html,2019-09-22,11:35,$950,Ortley Beach/Seasideheights/Lavalette,True,None,2,None
New_Jersey,jerseyshore,jerseyshore,apa,6984074772,None,3BR House For Rent,https://jerseyshore.craigslist.org/apa/d/keansburg-3br-house-for-rent/6984074772.html,2019-09-22,11:33,$1800,None,True,None,3,None
New_Jersey,jerseyshore,jerseyshore,apa,6984072927,None,Get that tail wagging! Pet friendly apartments!!,https://jerseyshore.craigslist.org/apa/d/neptune-get-that-tail-wagging-pet/6984072927.html,2019-09-22,11:30,$2000,None,True,None,None,None
New_Jersey,jerseyshore,jerseyshore,apa,6984070892,None,***UTILITY'S  INCLUDED ( 3 ) BEDROOM BEACH HOUSE / CLEAN COZY,https://jerseyshore.craigslist.org/apa/d/seaside-heights-utilitys-included-3/6984070892.html,2019-09-22,11:26,$1500,(SEASIDE HEIGHTS - NORTH END),True,None,3,1600ft2
New_Jersey,jerseyshore,jerseyshore,apa,6984055536,None,4 bedroom 2 bath,https://jerseyshore.craigslist.org/apa/d/toms-river-4-bedroom-2-bath/6984055536.html,2019-09-22,11:02,$2300,None,True,None,4,None
New_Jersey,jerseyshore,jerseyshore,apa,6974031848,None,2 Story Town Home with Garage,https://jerseyshore.craigslist.org/apa/d/asbury-park-2-story-town-home-with/6974031848.html,2019-09-22,10:29,$2150,"Tinton Falls, NJ",True,None,2,1156ft2
New_Jersey,jerseyshore,jerseyshore,apa,6979105920,6965117898,Immediate $650 2bed 2bath furnished condo in GATED community,https://jerseyshore.craigslist.org/apa/d/lakewood-immediate-650-2bed-2bath/6979105920.html,2019-09-22,09:50,$650,Lakewood,True,None,2,1450ft2
New_Jersey,jerseyshore,jerseyshore,apa,6965117898,None,Immediate $650 2bed 2bath furnished condo in GATED community,https://jerseyshore.craigslist.org/apa/d/lakewood-immediate-650-2bed-2bath/6965117898.html,2019-09-22,09:49,$650,Lakewood,True,None,2,1450ft2
New_Jersey,jerseyshore,jerseyshore,apa,6978960045,None,Great Homes! Affordable- quiet and like new Must see,https://jerseyshore.craigslist.org/apa/d/martinsville-great-homes-affordable/6978960045.html,2019-09-22,08:45,$900,Tuckerton,True,None,1,None
New_Jersey,jerseyshore,jerseyshore,apa,6983979019,6833362044,Touring! Come See! Pet Friendly!,https://jerseyshore.craigslist.org/apa/d/toms-river-touring-come-see-pet-friendly/6983979019.html,2019-09-22,08:24,$2375,None,True,None,2,None
New_Jersey,jerseyshore,jerseyshore,apa,6983979375,6800129757,"Location, Community, Quality Living! It starts here!",https://jerseyshore.craigslist.org/apa/d/toms-river-location-community-quality/6983979375.html,2019-09-22,08:16,$2895,None,True,None,3,None
New_Jersey,jerseyshore,jerseyshore,apa,6974062604,None,Two bedroom rental,https://jerseyshore.craigslist.org/apa/d/seaside-heights-two-bedroom-rental/6974062604.html,2019-09-22,08:12,$1350,Seaside Heights,True,None,2,None
New_Jersey,jerseyshore,jerseyshore,apa,6983979139,6805936010,Luxury All Around! Bring Your Pets!,https://jerseyshore.craigslist.org/apa/d/toms-river-luxury-all-around-bring-your/6983979139.html,2019-09-22,07:58,$2850,None,True,None,3,None
New_Jersey,jerseyshore,jerseyshore,apa,6983973460,6526497014,Save Up To $3224 On Select Apartments!,https://jerseyshore.craigslist.org/apa/d/cologne-save-up-to-3224-on-select/6983973460.html,2019-09-22,07:30,$0,Mays Landing,True,None,2,None
New_Jersey,jerseyshore,jerseyshore,apa,6983973391,6525391631,Save Up To $3224 On Select Apartments!,https://jerseyshore.craigslist.org/apa/d/cologne-save-up-to-3224-on-select/6983973391.html,2019-09-22,07:30,$0,None,True,None,1,None
New_Jersey,jerseyshore,jerseyshore,apa,6983972415,6500236518,Save Up To $3224 On Select Apartments!,https://jerseyshore.craigslist.org/apa/d/cologne-save-up-to-3224-on-select/6983972415.html,2019-09-22,07:24,$0,Mays Landing,True,None,1,None
New_Jersey,jerseyshore,jerseyshore,apa,6967394498,None,Beautiful Winter Rental,https://jerseyshore.craigslist.org/apa/d/long-branch-beautiful-winter-rental/6967394498.html,2019-09-21,23:48,$1500,Long Branch/Monmouth Beach,True,None,None,None
New_Jersey,jerseyshore,jerseyshore,apa,6983916146,6971486457,Great Home for Rent in Whiting Station,https://jerseyshore.craigslist.org/apa/d/island-heights-great-home-for-rent-in/6983916146.html,2019-09-21,23:37,$1350,Whiting,True,None,2,1140ft2
New_Jersey,jerseyshore,jerseyshore,apa,6963793262,5742111544,"Beautiful and big house great neighborhood in Toms River, Ocean Views",https://jerseyshore.craigslist.org/apa/d/island-heights-beautiful-and-big-house/6963793262.html,2019-09-21,22:06,$2350,Toms River NJ,True,None,4,1950ft2
New_Jersey,jerseyshore,jerseyshore,apa,6983650716,None,"Lots of Space, Section 8 taken, Call for Details",https://jerseyshore.craigslist.org/apa/d/ocean-gate-lots-of-space-section-8/6983650716.html,2019-09-21,15:08,$1950,Ocean Gate,True,None,4,None
New_Jersey,jerseyshore,jerseyshore,apa,6969878777,None,"Office open Monday through Friday; 9: 00 AM to 5:00 PM"" Toms River",https://jerseyshore.craigslist.org/apa/d/toms-river-office-open-monday-through/6969878777.html,2019-09-21,14:51,$900,"Toms River, NJ",True,None,2,1100ft2
New_Jersey,jerseyshore,jerseyshore,apa,6969897420,None,1 Bedroom with Loft 1.5 bath,https://jerseyshore.craigslist.org/apa/d/toms-river-1-bedroom-with-loft-15-bath/6969897420.html,2019-09-21,14:22,$1300,Anchorage Harbor,True,None,1,1142ft2
New_Jersey,jerseyshore,jerseyshore,apa,6983611653,None,2 Bedrooms 1 Bath,https://jerseyshore.craigslist.org/apa/d/ocean-gate-2-bedrooms-1-bath/6983611653.html,2019-09-21,14:22,$1250,"Bayville, NJ",True,None,None,None
New_Jersey,jerseyshore,jerseyshore,apa,6983609447,3901229484,Winter Rental Only. Ocean Blcok. Ocean County,https://jerseyshore.craigslist.org/apa/d/winter-rental-only-ocean-blcok-ocean/6983609447.html,2019-09-21,14:19,$1200,New Jersey,False,None,1,None
New_Jersey,jerseyshore,jerseyshore,apa,6983602980,None,Wyndmoor at the Highlands,https://jerseyshore.craigslist.org/apa/d/rumson-wyndmoor-at-the-highlands/6983602980.html,2019-09-21,14:12,$1500,Highlands,False,None,1,900ft2
New_Jersey,jerseyshore,jerseyshore,apa,6983563876,6980226507,WOW Must See Condo Windmill Club 3 BR 1.5 bath,https://jerseyshore.craigslist.org/apa/d/howell-wow-must-see-condo-windmill-club/6983563876.html,2019-09-21,13:27,$2150,Howell near Jackson Lakewood Freehold,True,None,3,None
New_Jersey,jerseyshore,jerseyshore,apa,6983555305,None,Luxury Hotel Style Living 1 Bedroom In Monmouth County!,https://jerseyshore.craigslist.org/apa/d/matawan-luxury-hotel-style-living-1/6983555305.html,2019-09-21,13:18,$2025,Keyport,True,None,1,982ft2
New_Jersey,jerseyshore,jerseyshore,apa,6971513940,None,"Miles From All Major Highways, Shopping, And More! At The Pointe!",https://jerseyshore.craigslist.org/apa/d/neptune-miles-from-all-major-highways/6971513940.html,2019-09-21,12:02,$1875,None,True,None,None,None
New_Jersey,jerseyshore,jerseyshore,apa,6974316840,None,Won't be around for long! 2Bed/2Bath APPLY ONLINE,https://jerseyshore.craigslist.org/apa/d/neptune-wont-be-around-for-long-2bed/6974316840.html,2019-09-21,12:02,$2000,None,True,None,None,None
New_Jersey,jerseyshore,jerseyshore,apa,6973362676,None,IMMEDIATE Move In Plus ONLINE LEASING! Apply TODAY!,https://jerseyshore.craigslist.org/apa/d/neptune-immediate-move-in-plus-online/6973362676.html,2019-09-21,12:02,$2000,None,True,None,None,None
New_Jersey,jerseyshore,jerseyshore,apa,6967802121,None,Toms River Year Round Waterfront,https://jerseyshore.craigslist.org/apa/d/toms-river-toms-river-year-round/6967802121.html,2019-09-21,09:38,$2595,Toms River NJ,True,None,4,1620ft2
New_Jersey,jerseyshore,jerseyshore,apa,6983337504,6808383035,Look no further! We offer 3 beds/2.5 baths pet friendly!,https://jerseyshore.craigslist.org/apa/d/toms-river-look-no-further-we-offer-3/6983337504.html,2019-09-21,08:23,$2850,None,True,None,3,None
New_Jersey,jerseyshore,jerseyshore,apa,6983341397,None,Yearly Rental - 1  1/2 Blocks to the Beach,https://jerseyshore.craigslist.org/apa/d/bradley-beach-yearly-rental-blocks-to/6983341397.html,2019-09-21,08:22,$1300,Bradley Beach,True,None,None,None
New_Jersey,jerseyshore,jerseyshore,apa,6983336454,6789118894,2 BR 2 Bath Available!,https://jerseyshore.craigslist.org/apa/d/toms-river-2-br-2-bath-available/6983336454.html,2019-09-21,08:21,$2375,None,True,None,2,None
New_Jersey,jerseyshore,jerseyshore,apa,6983337983,6807411669,Brand New Luxury Town Homes in a Great Location!,https://jerseyshore.craigslist.org/apa/d/toms-river-brand-new-luxury-town-homes/6983337983.html,2019-09-21,08:13,$2895,None,True,None,3,None
New_Jersey,jerseyshore,jerseyshore,apa,6967613667,None,Belmar winter rental 3br/2bath,https://jerseyshore.craigslist.org/apa/d/belmar-belmar-winter-rental-3br-2bath/6967613667.html,2019-09-21,07:57,$1400,None,True,None,3,None
New_Jersey,jerseyshore,jerseyshore,apa,6983322802,6500236518,Save Up To $3224 On Select Apartments!,https://jerseyshore.craigslist.org/apa/d/cologne-save-up-to-3224-on-select/6983322802.html,2019-09-21,07:19,$0,Mays Landing,True,None,1,None
New_Jersey,jerseyshore,jerseyshore,apa,6983320726,6530691855,Save Up To $3224 On Select Apartments!,https://jerseyshore.craigslist.org/apa/d/cologne-save-up-to-3224-on-select/6983320726.html,2019-09-21,07:08,$0,Mays Landing,True,None,2,None
New_Jersey,jerseyshore,jerseyshore,apa,6983320667,6524260789,Save Up To $3224 On Select Apartments!,https://jerseyshore.craigslist.org/apa/d/cologne-save-up-to-3224-on-select/6983320667.html,2019-09-21,07:08,$0,Mays Landing,True,None,1,None
New_Jersey,jerseyshore,jerseyshore,apa,6983320626,6548059604,Save Up To $2835 On Select Townhouses!,https://jerseyshore.craigslist.org/apa/d/cologne-save-up-to-2835-on-select/6983320626.html,2019-09-21,07:08,$0,Mays Landing,True,None,3,None
New_Jersey,jerseyshore,jerseyshore,apa,6963905149,6755528960,"Wildwood Crest : Year-Round Rental 3 Br, 1Ba",https://jerseyshore.craigslist.org/apa/d/wildwood-wildwood-crest-year-round/6963905149.html,2019-09-21,00:18,$1400,Wildwood Crest,False,None,3,None
New_Jersey,jerseyshore,jerseyshore,apa,6983231389,6920173732,with office rm,https://jerseyshore.craigslist.org/apa/d/toms-river-with-office-rm/6983231389.html,2019-09-20,22:29,$1200,Tom's River area,True,None,1,1000ft2
New_Jersey,jerseyshore,jerseyshore,apa,6983078667,None,What a location!! Near everything you can think of! Look now!,https://jerseyshore.craigslist.org/apa/d/neptune-what-location-near-everything/6983078667.html,2019-09-20,17:50,$2155,None,True,None,None,None
New_Jersey,jerseyshore,jerseyshore,apa,6983078318,None,The 2Bed2Bath You've Been Waiting For! Apply Online TODAY!,https://jerseyshore.craigslist.org/apa/d/neptune-the-2bed2bath-youve-been/6983078318.html,2019-09-20,17:50,$1875,None,True,None,None,None
New_Jersey,jerseyshore,jerseyshore,apa,6982995201,None,OPEN HOUSE SUNDAY 11-4,https://jerseyshore.craigslist.org/apa/d/neptune-open-house-sunday-11-4/6982995201.html,2019-09-20,16:27,$1425,Neptune City,True,None,None,794ft2
New_Jersey,jerseyshore,jerseyshore,apa,6983005122,None,Charming Upper Level Unit for Annual Rental,https://jerseyshore.craigslist.org/apa/d/belmar-charming-upper-level-unit-for/6983005122.html,2019-09-20,16:20,$1350,Lake Como,True,None,2,None
New_Jersey,jerseyshore,jerseyshore,apa,6982993108,None,Spacious and Charming Annual Rental,https://jerseyshore.craigslist.org/apa/d/bradley-beach-spacious-and-charming/6982993108.html,2019-09-20,16:06,$1750,Bradley Beach,True,None,2,None
New_Jersey,jerseyshore,jerseyshore,apa,6982990378,6942713528,2-3 BR / 2 BATH Westerleigh/Willowbrook,https://jerseyshore.craigslist.org/apa/d/staten-island-2-3-br-2-bath-westerleigh/6982990378.html,2019-09-20,16:03,$2400,Staten Island,False,None,3,None
New_Jersey,jerseyshore,jerseyshore,apa,6982945257,None,Love it with your pet! Pet Friendly we are!!,https://jerseyshore.craigslist.org/apa/d/neptune-love-it-with-your-pet-pet/6982945257.html,2019-09-20,15:12,$2000,None,True,None,None,None
New_Jersey,jerseyshore,jerseyshore,apa,6982901490,None,"Professionally Managed, Some Utilities Included, Pool",https://jerseyshore.craigslist.org/apa/d/spring-lake-professionally-managed-some/6982901490.html,2019-09-20,14:25,$1650,Spring Lake Heights,True,None,1,None
New_Jersey,jerseyshore,jerseyshore,apa,6982899018,None,Whiting Lease purchase,https://jerseyshore.craigslist.org/apa/d/island-heights-whiting-lease-purchase/6982899018.html,2019-09-20,14:23,$1000,Whiting,False,None,None,None
New_Jersey,jerseyshore,jerseyshore,apa,6982890140,None,Toms River townhouse,https://jerseyshore.craigslist.org/apa/d/toms-river-toms-river-townhouse/6982890140.html,2019-09-20,14:14,$1650,Saratoga,True,None,2,1216ft2
New_Jersey,jerseyshore,jerseyshore,apa,6982866297,None,Water View Delight,https://jerseyshore.craigslist.org/apa/d/keyport-water-view-delight/6982866297.html,2019-09-20,13:54,$2500,Union Beach,True,None,2,None
New_Jersey,jerseyshore,jerseyshore,apa,6982763572,None,@@@^~Beautiful Home 3Beds/2BathsAvailable For Move In ready **,https://jerseyshore.craigslist.org/apa/d/ocean-city-beautiful-home-3beds/6982763572.html,2019-09-20,13:52,$1566,None,True,None,3,2393ft2
New_Jersey,jerseyshore,jerseyshore,apa,6982763536,None,@@@^~Beautiful Home 3Beds/2BathsAvailable For Move In ready **,https://jerseyshore.craigslist.org/apa/d/ocean-city-beautiful-home-3beds/6982763536.html,2019-09-20,13:36,$1566,None,True,None,3,2393ft2
New_Jersey,jerseyshore,jerseyshore,apa,6982774955,None,"Perfect Location, Central AC, Classic Architecture",https://jerseyshore.craigslist.org/apa/d/spring-lake-perfect-location-central-ac/6982774955.html,2019-09-20,12:15,$1899,Spring Lake Heights,True,None,1,None
New_Jersey,jerseyshore,jerseyshore,apa,6982768305,None,1 or 2 bedroom apt on the beach,https://jerseyshore.craigslist.org/apa/d/lavallette-1-or-2-bedroom-apt-on-the/6982768305.html,2019-09-20,12:08,$1600,Lavalette,False,None,1,1000ft2
New_Jersey,jerseyshore,jerseyshore,apa,6977734284,6953985634,One year lease,https://jerseyshore.craigslist.org/apa/d/jackson-one-year-lease/6977734284.html,2019-09-20,11:37,$1100,Jackson,True,None,1,None
New_Jersey,jerseyshore,jerseyshore,apa,6977747812,None,Large one bedroom apartment,https://jerseyshore.craigslist.org/apa/d/jackson-large-one-bedroom-apartment/6977747812.html,2019-09-20,11:36,$1000,Jackson,True,None,None,None
New_Jersey,jerseyshore,jerseyshore,apa,6961562794,None,Amazing totally renovated carriage house,https://jerseyshore.craigslist.org/apa/d/ocean-grove-amazing-totally-renovated/6961562794.html,2019-09-20,11:33,$2450,Asbury Park,True,None,2,None
New_Jersey,jerseyshore,jerseyshore,apa,6982688421,None,OPEN HOUSE SUNDAY 11-4,https://jerseyshore.craigslist.org/apa/d/neptune-open-house-sunday-11-4/6982688421.html,2019-09-20,10:51,$1425,Neptune City,True,None,None,794ft2
New_Jersey,jerseyshore,jerseyshore,apa,6982696091,None,winter rental - cottage,https://jerseyshore.craigslist.org/apa/d/belmar-winter-rental-cottage/6982696091.html,2019-09-20,10:50,$1250,Belmar,True,None,1,500ft2
New_Jersey,jerseyshore,jerseyshore,apa,6982658909,6794936222,"Stainless Steel Appliances, W/D in Town home and much more! Apply Now!",https://jerseyshore.craigslist.org/apa/d/toms-river-stainless-steel-appliances-d/6982658909.html,2019-09-20,10:34,$3295,None,True,None,3,None
New_Jersey,jerseyshore,jerseyshore,apa,6982675447,6938296850,BEACH BLOCK HAVEN,https://jerseyshore.craigslist.org/apa/d/brigantine-beach-block-haven/6982675447.html,2019-09-20,10:25,$1100,BRIGANTINE,False,None,3,None
New_Jersey,jerseyshore,jerseyshore,apa,6962158201,None,Four Bedroom Summer Sublet with Utilities,https://jerseyshore.craigslist.org/apa/d/margate-city-four-bedroom-summer-sublet/6962158201.html,2019-09-20,10:12,$1600,Margate,True,None,4,1320ft2
New_Jersey,jerseyshore,jerseyshore,apa,6982656595,4879038032,Right Near AC! Come Live At Sunrise Bay!,https://jerseyshore.craigslist.org/apa/d/right-near-ac-come-live-at-sunrise-bay/6982656595.html,2019-09-20,10:00,$0,Galloway,False,None,2,None
New_Jersey,jerseyshore,jerseyshore,apa,6982652797,6834937106,Limited availability! Come take a tour! Leasing NOW!,https://jerseyshore.craigslist.org/apa/d/toms-river-limited-availability-come/6982652797.html,2019-09-20,09:54,$2375,None,True,None,2,None
New_Jersey,jerseyshore,jerseyshore,apa,6982647671,None,Looking for rental in manahawkin,https://jerseyshore.craigslist.org/apa/d/manahawkin-looking-for-rental-in/6982647671.html,2019-09-20,09:47,$2000,None,False,None,None,None
New_Jersey,jerseyshore,jerseyshore,apa,6982640190,6724702155,Beautiful Large 3 bedroom 2.5 bath!,https://jerseyshore.craigslist.org/apa/d/toms-river-beautiful-large-3-bedroom-25/6982640190.html,2019-09-20,09:36,$2895,None,True,None,3,None
New_Jersey,jerseyshore,jerseyshore,apa,6977620930,6800129757,"Location, Community, Quality Living! It starts here!",https://jerseyshore.craigslist.org/apa/d/toms-river-location-community-quality/6977620930.html,2019-09-20,09:35,$2895,None,True,None,3,None
New_Jersey,jerseyshore,jerseyshore,apa,6978414265,6783446288,Limited availability! Come look! Hurry!,https://jerseyshore.craigslist.org/apa/d/toms-river-limited-availability-come/6978414265.html,2019-09-20,09:35,$3295,None,True,None,3,None
New_Jersey,jerseyshore,jerseyshore,apa,6979061967,6799491502,Now Showing! Come Tour! Call Today!,https://jerseyshore.craigslist.org/apa/d/toms-river-now-showing-come-tour-call/6979061967.html,2019-09-20,09:34,$2375,None,True,None,2,None
New_Jersey,jerseyshore,jerseyshore,apa,6982637695,None,Experience “The Edge of Matawan” Lifestyle!,https://jerseyshore.craigslist.org/apa/d/matawan-experience-the-edge-of-matawan/6982637695.html,2019-09-20,09:33,$2310,Atlantic Highlands,True,None,2,1300ft2
New_Jersey,jerseyshore,jerseyshore,apa,6982630101,None,"Modern Fixtures, Private Entrance, Brushed Nickel Hardware",https://jerseyshore.craigslist.org/apa/d/spring-lake-modern-fixtures-private/6982630101.html,2019-09-20,09:21,$1650,Spring Lake Heights,True,None,1,None
New_Jersey,jerseyshore,jerseyshore,apa,6976359263,None,Lincoln Square /  Newly Rehabbed / Hardwood Floors,https://jerseyshore.craigslist.org/apa/d/chicago-lincoln-square-newly-rehabbed/6976359263.html,2019-09-20,08:37,$1725,Chicago,True,None,2,875ft2
New_Jersey,jerseyshore,jerseyshore,apa,6976277796,None,Rehabbed Condo / Amazing View / Downtown Area,https://jerseyshore.craigslist.org/apa/d/chicago-rehabbed-condo-amazing-view/6976277796.html,2019-09-20,08:27,$4400,Chicago,True,None,3,1550ft2
New_Jersey,jerseyshore,jerseyshore,apa,6975436530,None,LOGAN SQUARE - 3 BEDROOMS,https://jerseyshore.craigslist.org/apa/d/chicago-logan-square-3-bedrooms/6975436530.html,2019-09-20,08:26,$1900,Logan Square,True,None,3,1192ft2
New_Jersey,jerseyshore,jerseyshore,apa,6975409060,None,Amazing Apartment in Lincoln Park,https://jerseyshore.craigslist.org/apa/d/chicago-amazing-apartment-in-lincoln/6975409060.html,2019-09-20,08:23,$3000,Lincoln Park,True,None,4,1600ft2
New_Jersey,jerseyshore,jerseyshore,apa,6976158563,None,Uptown Unit /  Top Floor / Beautiful,https://jerseyshore.craigslist.org/apa/d/chicago-uptown-unit-top-floor-beautiful/6976158563.html,2019-09-20,08:23,$2600,Chicago,True,None,3,1450ft2
New_Jersey,jerseyshore,jerseyshore,apa,6976531914,None,Beautiful 2 Bed 1 Bath unit in Loop,https://jerseyshore.craigslist.org/apa/d/chicago-beautiful-2-bed-1-bath-unit-in/6976531914.html,2019-09-20,08:22,$2700,Chicago,True,None,2,1300ft2
New_Jersey,jerseyshore,jerseyshore,apa,6976343074,None,Beautiful Uptown Garden Unit,https://jerseyshore.craigslist.org/apa/d/chicago-beautiful-uptown-garden-unit/6976343074.html,2019-09-20,08:21,$1475,Chicago,True,None,2,1200ft2
New_Jersey,jerseyshore,jerseyshore,apa,6971006226,None,2 BR Apartment next to Red Bank Train Station,https://jerseyshore.craigslist.org/apa/d/red-bank-2-br-apartment-next-to-red/6971006226.html,2019-09-20,08:06,$2250,Red Bank,True,None,2,1000ft2
New_Jersey,jerseyshore,jerseyshore,apa,6982586432,6524260789,Save Up To $3224 On Select Apartments!,https://jerseyshore.craigslist.org/apa/d/cologne-save-up-to-3224-on-select/6982586432.html,2019-09-20,07:35,$0,Mays Landing,True,None,2,None
New_Jersey,jerseyshore,jerseyshore,apa,6982586327,6548059604,Save Up To $2835 On Select Townhomes!,https://jerseyshore.craigslist.org/apa/d/cologne-save-up-to-2835-on-select/6982586327.html,2019-09-20,07:35,$0,Mays Landing,True,None,3,None
New_Jersey,jerseyshore,jerseyshore,apa,6982586251,6500236518,Save Up To $3224 On Select Apartments!,https://jerseyshore.craigslist.org/apa/d/cologne-save-up-to-3224-on-select/6982586251.html,2019-09-20,07:34,$0,Mays Landing,True,None,1,None
New_Jersey,jerseyshore,jerseyshore,apa,6982478293,None,4 bedroom house for rent $1975,https://jerseyshore.craigslist.org/apa/d/keansburg-4-bedroom-house-for-rent-1975/6982478293.html,2019-09-19,21:49,$1975,Keansburg NJ,True,None,None,None
New_Jersey,jerseyshore,jerseyshore,apa,6982442641,None,4 bedroom house,https://jerseyshore.craigslist.org/apa/d/jackson-4-bedroom-house/6982442641.html,2019-09-19,20:37,$2100,jackson,True,None,4,None
New_Jersey,jerseyshore,jerseyshore,apa,6973047388,None,Belmar - Winter Rental  1 Block from Beach,https://jerseyshore.craigslist.org/apa/d/belmar-belmar-winter-rental-1-block/6973047388.html,2019-09-19,19:05,$1300,Belmar (North End),True,None,2,None
New_Jersey,jerseyshore,jerseyshore,apa,6982361368,None,"2 BR, 2 BA Available for Rent in Herbertsville",https://jerseyshore.craigslist.org/apa/d/brick-2-br-2-ba-available-for-rent-in/6982361368.html,2019-09-19,18:12,$1600,"Brick, NJ",True,None,2,None
New_Jersey,jerseyshore,jerseyshore,apa,6962279126,4249863228,Large 3 bedroom 2 bath winter rental in Ocean Township,https://jerseyshore.craigslist.org/apa/d/large-3-bedroom-2-bath-winter-rental-in/6962279126.html,2019-09-19,17:46,$1550,"Oakhurst , NJ",False,None,3,None
New_Jersey,jerseyshore,jerseyshore,apa,6977524889,6903977530,Jersey shore house for rent,https://jerseyshore.craigslist.org/apa/d/leonardo-jersey-shore-house-for-rent/6977524889.html,2019-09-19,16:56,$2500,Leonardo,True,None,4,2300ft2
New_Jersey,jerseyshore,jerseyshore,apa,6982305024,6531811540,Save Up To $3224 On Select Apartments!,https://jerseyshore.craigslist.org/apa/d/cologne-save-up-to-3224-on-select/6982305024.html,2019-09-19,16:56,$0,Mays Landing,True,None,1,None
New_Jersey,jerseyshore,jerseyshore,apa,6977816086,6589239107,Room for rent,https://jerseyshore.craigslist.org/apa/d/room-for-rent/6977816086.html,2019-09-19,16:56,$1350,Highlands,True,None,None,None
New_Jersey,jerseyshore,jerseyshore,apa,6982286244,None,House for rent,https://jerseyshore.craigslist.org/apa/d/new-gretna-house-for-rent/6982286244.html,2019-09-19,16:32,$1200,"New Gretna, Bass River Township",True,None,2,1000ft2
New_Jersey,jerseyshore,jerseyshore,apa,6982280216,None,Cottage - 2 bed - avble now - quiet - exel. location - 1 min from 680,https://jerseyshore.craigslist.org/apa/d/walnut-creek-cottage-2-bed-avble-now/6982280216.html,2019-09-19,16:25,$2295,Walnut Creek,True,None,2,1100ft2
New_Jersey,jerseyshore,jerseyshore,apa,6982218266,None,OPEN HOUSE SUNDAY 11-4,https://jerseyshore.craigslist.org/apa/d/neptune-open-house-sunday-11-4/6982218266.html,2019-09-19,16:13,$1425,Neptune City,True,None,None,794ft2
New_Jersey,jerseyshore,jerseyshore,apa,6982262828,6531811540,Save Up To $3224 On Select Apartments!,https://jerseyshore.craigslist.org/apa/d/cologne-save-up-to-3224-on-select/6982262828.html,2019-09-19,16:04,$0,Mays Landing,True,None,1,None
New_Jersey,jerseyshore,jerseyshore,apa,6982262287,6531811540,Save Up To $3224 On Select Apartments!,https://jerseyshore.craigslist.org/apa/d/cologne-save-up-to-3224-on-select/6982262287.html,2019-09-19,16:03,$0,Mays Landing,True,None,1,None
New_Jersey,jerseyshore,jerseyshore,apa,6982258999,None,Apartment for rent,https://jerseyshore.craigslist.org/apa/d/ocean-grove-apartment-for-rent/6982258999.html,2019-09-19,15:59,$1200,Ocean Grove,False,None,1,None
New_Jersey,jerseyshore,jerseyshore,apa,6961004222,None,WOW..Studio  1 1/2 Blocks from the beach $1200 uitlities incl,https://jerseyshore.craigslist.org/apa/d/ocean-grove-wowstudio-blocks-from-the/6961004222.html,2019-09-19,14:56,$1200,OCEAN GROVE,True,None,1,None
New_Jersey,jerseyshore,jerseyshore,apa,6960994568,None,WINTER RENTAL OCEANFRONT FURNISHED 2 BEDROOM $1500 util incll,https://jerseyshore.craigslist.org/apa/d/ocean-grove-winter-rental-oceanfront/6960994568.html,2019-09-19,14:48,$1500,OCEAN GROVE,True,None,2,None
New_Jersey,jerseyshore,jerseyshore,apa,6960998757,None,WINTER RENTAL OCEANFRONT  1 BR $1400 util incl,https://jerseyshore.craigslist.org/apa/d/ocean-grove-winter-rental-oceanfront-1/6960998757.html,2019-09-19,14:48,$1400,OCEAN GROVE,True,None,1,None
New_Jersey,jerseyshore,jerseyshore,apa,6982178383,None,1 bed 1.5 bath with second loft room for rent,https://jerseyshore.craigslist.org/apa/d/asbury-park-1-bed-15-bath-with-second/6982178383.html,2019-09-19,14:25,$1700,Tinton falls,True,None,1,944ft2
New_Jersey,jerseyshore,jerseyshore,apa,6982167646,None,"Schedule a Tour, Stainless Steel Appliances, Storage",https://jerseyshore.craigslist.org/apa/d/spring-lake-schedule-tour-stainless/6982167646.html,2019-09-19,14:14,$1650,Spring Lake Heights,True,None,1,None
New_Jersey,jerseyshore,jerseyshore,apa,6982121394,None,OPEN HOUSE SUNDAY 11-4,https://jerseyshore.craigslist.org/apa/d/neptune-open-house-sunday-11-4/6982121394.html,2019-09-19,14:04,$1425,Neptune City,True,None,None,794ft2
New_Jersey,jerseyshore,jerseyshore,apa,6982066182,None,2 bedroom 2 bath Unfurnished,https://jerseyshore.craigslist.org/apa/d/freehold-2-bedroom-2-bath-unfurnished/6982066182.html,2019-09-19,12:28,$1991,"Freehold, NJ",True,None,2,1008ft2
New_Jersey,jerseyshore,jerseyshore,apa,6982063496,None,New 2 Bedroom Condo Adult Community,https://jerseyshore.craigslist.org/apa/d/lakewood-new-2-bedroom-condo-adult/6982063496.html,2019-09-19,12:20,$1450,Lakewood,True,None,2,None
New_Jersey,jerseyshore,jerseyshore,apa,6982055800,None,Everyone is going to rave about your finished basement! Apply for one!,https://jerseyshore.craigslist.org/apa/d/neptune-everyone-is-going-to-rave-about/6982055800.html,2019-09-19,12:12,$2245,None,True,None,None,None
New_Jersey,jerseyshore,jerseyshore,apa,6982051490,None,We are filling up fast! Do not wait!! Close to so much!!,https://jerseyshore.craigslist.org/apa/d/neptune-we-are-filling-up-fast-do-not/6982051490.html,2019-09-19,12:08,$2155,None,True,None,None,None
New_Jersey,jerseyshore,jerseyshore,apa,6982049843,None,immediate move in ready and pet friendly! Close to shops! Come tour!!,https://jerseyshore.craigslist.org/apa/d/neptune-immediate-move-in-ready-and-pet/6982049843.html,2019-09-19,12:06,$2000,None,True,None,None,None
New_Jersey,jerseyshore,jerseyshore,apa,6982012641,4879038032,Right Near AC! Come Live At Sunrise Bay!,https://jerseyshore.craigslist.org/apa/d/right-near-ac-come-live-at-sunrise-bay/6982012641.html,2019-09-19,11:24,$0,Galloway,False,None,1,None
New_Jersey,jerseyshore,jerseyshore,apa,6982006544,None,Rare Find! Immediate Rental in Point Pleasant,https://jerseyshore.craigslist.org/apa/d/point-pleasant-beach-rare-find/6982006544.html,2019-09-19,11:17,$1300,"Point Pleasant, NJ",True,None,1,800ft2
New_Jersey,jerseyshore,jerseyshore,apa,6981991356,None,2 Months free on a 18-24 month lease/select units!,https://jerseyshore.craigslist.org/apa/d/matawan-2-months-free-on-month-lease/6981991356.html,2019-09-19,11:00,$2310,Long Branch,True,None,2,1300ft2
New_Jersey,jerseyshore,jerseyshore,apa,6981971539,6920173732,with office rm,https://jerseyshore.craigslist.org/apa/d/toms-river-with-office-rm/6981971539.html,2019-09-19,10:35,$1200,Tom's River NJ area,True,None,1,1000ft2
New_Jersey,jerseyshore,jerseyshore,apa,6981924312,None,Intro Offer FURNISHED STUDIO,https://jerseyshore.craigslist.org/apa/d/red-bank-intro-offer-furnished-studio/6981924312.html,2019-09-19,10:02,$1817,Red Bank,True,None,1,None
New_Jersey,jerseyshore,jerseyshore,apa,6981939204,None,"Beautiful 1 bed + den, unit fully remolded",https://jerseyshore.craigslist.org/apa/d/trenton-beautiful-1-bed-den-unit-fully/6981939204.html,2019-09-19,09:52,$1325,"1129 Chambers Street, Trenton Nj 08610",True,None,1,1000ft2
New_Jersey,jerseyshore,jerseyshore,apa,6981916196,6531811540,Save Up To $3224 On Select Apartments!,https://jerseyshore.craigslist.org/apa/d/cologne-save-up-to-3224-on-select/6981916196.html,2019-09-19,09:16,$0,Mays Landing,True,None,1,None
New_Jersey,jerseyshore,jerseyshore,apa,6981915225,None,"Modern Appliances, Pool, Central AC",https://jerseyshore.craigslist.org/apa/d/spring-lake-modern-appliances-pool/6981915225.html,2019-09-19,09:14,$1650,Spring Lake Heights,True,None,1,None
New_Jersey,jerseyshore,jerseyshore,apa,6981905477,None,PLEASANT LIVING IN COASTAL TOWNSHIP,https://jerseyshore.craigslist.org/apa/d/asbury-park-pleasant-living-in-coastal/6981905477.html,2019-09-19,09:02,$1085,"OCEAN, NJ",True,None,1,None
New_Jersey,jerseyshore,jerseyshore,apa,6981901448,6531811540,Save Up To $3224 On Select Apartments!,https://jerseyshore.craigslist.org/apa/d/cologne-save-up-to-3224-on-select/6981901448.html,2019-09-19,08:47,$0,Mays Landing,True,None,1,None
New_Jersey,jerseyshore,jerseyshore,apa,6981901217,6531811540,Save Up To $3224 On Select Apartments!,https://jerseyshore.craigslist.org/apa/d/cologne-save-up-to-3224-on-select/6981901217.html,2019-09-19,08:47,$0,Mays Landing,True,None,1,None
New_Jersey,jerseyshore,jerseyshore,apa,6981880579,6833362121,Pet Friendly! Call Today!,https://jerseyshore.craigslist.org/apa/d/toms-river-pet-friendly-call-today/6981880579.html,2019-09-19,08:21,$2375,None,True,None,2,None
New_Jersey,jerseyshore,jerseyshore,apa,6961298542,4802111117,Two bedroom Apartment in Tuckerton.,https://jerseyshore.craigslist.org/apa/d/tuckerton-two-bedroom-apartment-in/6961298542.html,2019-09-19,08:09,$1309,Tuckerton,True,None,2,833ft2
New_Jersey,jerseyshore,jerseyshore,apa,6981880407,6808604625,Call Gabrielle Run Home in this brand new community!,https://jerseyshore.craigslist.org/apa/d/toms-river-call-gabrielle-run-home-in/6981880407.html,2019-09-19,08:05,$2895,None,True,None,3,None
New_Jersey,jerseyshore,jerseyshore,apa,6981880230,6808197030,Now Leasing! Pets Welcome!,https://jerseyshore.craigslist.org/apa/d/toms-river-now-leasing-pets-welcome/6981880230.html,2019-09-19,07:58,$2850,None,True,None,3,None
New_Jersey,jerseyshore,jerseyshore,apa,6981880081,None,"Live here for 6 to 7months, Ocean City , New Jersey! $1295 month",https://jerseyshore.craigslist.org/apa/d/ocean-city-live-here-for-6-to-7months/6981880081.html,2019-09-19,07:44,$1295,The Gardens,True,None,3,None
New_Jersey,jerseyshore,jerseyshore,apa,6962681614,6803379510,"SUMMER Rental 4 bd, 1 1/2 bth, w/d a/c 1 blk to beach, O/D shwr",https://jerseyshore.craigslist.org/apa/d/sea-girt-summer-rental-4-bd-bth-d-c-1/6962681614.html,2019-09-19,06:11,$28500,MANASQUAN,True,None,4,None
New_Jersey,jerseyshore,jerseyshore,apa,6981818317,6870088935,Clean Furnished Ranch- $1400.month.,https://jerseyshore.craigslist.org/apa/d/manahawkin-clean-furnished-ranch/6981818317.html,2019-09-19,00:13,$1400,Manahawkin-Ocean Acres,True,None,2,900ft2
New_Jersey,jerseyshore,jerseyshore,apa,6966302839,None,"SUMMER 2020 5/21-9/7/20Spotless 3 bd, 1 bth, w/d, a/c",https://jerseyshore.craigslist.org/apa/d/sea-girt-summer-spotless-3-bd-1-bth-d-c/6966302839.html,2019-09-18,23:29,$25000,Manasquan,True,None,3,None
New_Jersey,jerseyshore,jerseyshore,apa,6981802290,None,Updated 2 bedroom apartment in Covered Bridge,https://jerseyshore.craigslist.org/apa/d/marlboro-updated-2-bedroom-apartment-in/6981802290.html,2019-09-18,23:26,$1450,Manalapan,True,None,2,1130ft2
New_Jersey,jerseyshore,jerseyshore,apa,6975295507,None,OFF SEASON RENTALS (3) DAY MIN,https://jerseyshore.craigslist.org/apa/d/seaside-heights-off-season-rentals-3/6975295507.html,2019-09-18,22:59,$0,SEASIDE HEIGHTS - NORTH END,True,None,3,None
New_Jersey,jerseyshore,jerseyshore,apa,6962140445,None,"NEW Winter/Short Term Rental - 2 BR Cottage, Utilities included!",https://jerseyshore.craigslist.org/apa/d/seaside-heights-new-winter-short-term/6962140445.html,2019-09-18,18:56,$925,Seaside Heights,True,None,2,None
New_Jersey,jerseyshore,jerseyshore,apa,6981671643,3651343551,"Large, Beautiful Rancher Ventnor, New Jersey",https://jerseyshore.craigslist.org/apa/d/ventnor-city-large-beautiful-rancher/6981671643.html,2019-09-18,18:48,$1700,Ventnor Margate Atlantic City,True,None,3,2000ft2
New_Jersey,jerseyshore,jerseyshore,apa,6981648315,None,"For Rent Updated 2 Bedroom 2.5 Bath Townhouse Little Egg Harbor, NJ",https://jerseyshore.craigslist.org/apa/d/tuckerton-for-rent-updated-2-bedroom-25/6981648315.html,2019-09-18,18:12,$1450,Little Egg Harbor Twp.,True,None,2,1350ft2
New_Jersey,jerseyshore,jerseyshore,apa,6981641713,None,One bedroom,https://jerseyshore.craigslist.org/apa/d/bayonne-one-bedroom/6981641713.html,2019-09-18,18:05,$1650,"Bayonne, NJ",True,None,None,800ft2
New_Jersey,jerseyshore,jerseyshore,apa,6981626683,None,2 Bed 2 Bath Luxury Garden Apartments at The Pointe!,https://jerseyshore.craigslist.org/apa/d/neptune-2-bed-2-bath-luxury-garden/6981626683.html,2019-09-18,17:43,$2000,None,True,None,None,None
New_Jersey,jerseyshore,jerseyshore,apa,6981618866,None,Annual Rental 1 1/2 Blocks to the Beach,https://jerseyshore.craigslist.org/apa/d/bradley-beach-annual-rental-blocks-to/6981618866.html,2019-09-18,17:33,$1300,Bradley Beach,True,None,1,None
New_Jersey,jerseyshore,jerseyshore,apa,6981612676,None,Beautiful Oceanfront home for winter rental Sept-June,https://jerseyshore.craigslist.org/apa/d/seaside-park-beautiful-oceanfront-home/6981612676.html,2019-09-18,17:25,$1250,Seaside Park NJ,True,None,3,1480ft2
New_Jersey,jerseyshore,jerseyshore,apa,6981580166,None,Winter Rental 4 bedroom,https://jerseyshore.craigslist.org/apa/d/belmar-winter-rental-4-bedroom/6981580166.html,2019-09-18,16:45,$1600,Belmar,True,None,4,None
New_Jersey,jerseyshore,jerseyshore,apa,6981540441,4854402464,2 Bdrm Apartment in Lakewood $750 Security Deposit!,https://jerseyshore.craigslist.org/apa/d/lakewood-2-bdrm-apartment-in-lakewood/6981540441.html,2019-09-18,15:59,$1325,"Lakewood, NJ",True,None,2,720ft2
New_Jersey,jerseyshore,jerseyshore,apa,6981539879,4854402464,2 Bdrm Apartment in Lakewood $750 Security Deposit!,https://jerseyshore.craigslist.org/apa/d/lakewood-2-bdrm-apartment-in-lakewood/6981539879.html,2019-09-18,15:58,$1325,"Lakewood, NJ",True,None,2,720ft2
New_Jersey,jerseyshore,jerseyshore,apa,6981448587,None,"Modern Fixtures, Upgraded Kitchen, Laundry Room",https://jerseyshore.craigslist.org/apa/d/spring-lake-modern-fixtures-upgraded/6981448587.html,2019-09-18,14:17,$1650,Spring Lake Heights,True,None,1,None
New_Jersey,jerseyshore,jerseyshore,apa,6981429143,None,Welcome To Your New Home!,https://jerseyshore.craigslist.org/apa/d/neptune-welcome-to-your-new-home/6981429143.html,2019-09-18,14:03,$1425,Neptune City,True,None,None,794ft2
New_Jersey,jerseyshore,jerseyshore,apa,6981425963,None,1st Floor 2 bedroom,https://jerseyshore.craigslist.org/apa/d/neptune-1st-floor-2-bedroom/6981425963.html,2019-09-18,13:53,$1500,Neptune,False,None,2,None
New_Jersey,jerseyshore,jerseyshore,apa,6981401489,None,Jersey Shore Hotspots Just Miles Away! Apply Online Today!,https://jerseyshore.craigslist.org/apa/d/neptune-jersey-shore-hotspots-just/6981401489.html,2019-09-18,13:28,$1875,None,True,None,None,None
New_Jersey,jerseyshore,jerseyshore,apa,6961708360,4905359579,One Bedroom Available *Heat/hot water/water usage INCLUDED,https://jerseyshore.craigslist.org/apa/d/spring-lake-one-bedroom-available-heat/6961708360.html,2019-09-18,13:08,$1550,"Spring Lake Heights, NJ",True,None,1,750ft2
New_Jersey,jerseyshore,jerseyshore,apa,6981361726,None,"Contemporary Finishes, Multiple Closets, Central AC",https://jerseyshore.craigslist.org/apa/d/spring-lake-contemporary-finishes/6981361726.html,2019-09-18,12:45,$1899,Spring Lake Heights,True,None,1,None
New_Jersey,jerseyshore,jerseyshore,apa,6981356741,6920173732,with office rm,https://jerseyshore.craigslist.org/apa/d/toms-river-with-office-rm/6981356741.html,2019-09-18,12:40,$1200,Tom's River area,True,None,1,1000ft2
New_Jersey,jerseyshore,jerseyshore,apa,6981302809,6802826351,Hurry in apartments are leasing quickly!,https://jerseyshore.craigslist.org/apa/d/toms-river-hurry-in-apartments-are/6981302809.html,2019-09-18,12:02,$2375,None,True,None,2,None
New_Jersey,jerseyshore,jerseyshore,apa,6981288959,6794936222,"Stainless Steel Appliances, W/D in Town home and much more! Apply Now!",https://jerseyshore.craigslist.org/apa/d/toms-river-stainless-steel-appliances-d/6981288959.html,2019-09-18,11:42,$2850,None,True,None,3,None
New_Jersey,jerseyshore,jerseyshore,apa,6981291618,6834937106,Limited availability! Come take a tour! Leasing NOW!,https://jerseyshore.craigslist.org/apa/d/toms-river-limited-availability-come/6981291618.html,2019-09-18,11:40,$2895,None,True,None,3,None
New_Jersey,jerseyshore,jerseyshore,apa,6981252012,4898995833,"""Steps to Beach pet friendly Rental""",https://jerseyshore.craigslist.org/apa/d/steps-to-beach-pet-friendly-rental/6981252012.html,2019-09-18,11:15,$1300,"Seaside Park, NJ",False,None,2,600ft2
New_Jersey,jerseyshore,jerseyshore,apa,6981226671,None,Condo - Year round rental,https://jerseyshore.craigslist.org/apa/d/seaside-heights-condo-year-round-rental/6981226671.html,2019-09-18,10:13,$1500,Ortley Beach,False,None,2,1000ft2
New_Jersey,jerseyshore,jerseyshore,apa,6981201643,4879038032,Right Near AC! Come Live At Sunrise Bay!,https://jerseyshore.craigslist.org/apa/d/right-near-ac-come-live-at-sunrise-bay/6981201643.html,2019-09-18,09:55,$0,Galloway,False,None,2,None
New_Jersey,jerseyshore,jerseyshore,apa,6981206461,None,Pawsome Apartments For You And Your Pets At The Pointe!,https://jerseyshore.craigslist.org/apa/d/neptune-pawsome-apartments-for-you-and/6981206461.html,2019-09-18,09:46,$2000,None,True,None,None,None
New_Jersey,jerseyshore,jerseyshore,apa,6981188468,None,"Leasing Now, Storage, Hardwood Floors",https://jerseyshore.craigslist.org/apa/d/spring-lake-leasing-now-storage/6981188468.html,2019-09-18,09:18,$1650,Spring Lake Heights,True,None,1,None
New_Jersey,jerseyshore,jerseyshore,apa,6981176905,None,Waterfront - Across from downtown AP,https://jerseyshore.craigslist.org/apa/d/ocean-grove-waterfront-across-from/6981176905.html,2019-09-18,08:57,$1775,Ocean Grove,True,None,2,1100ft2
New_Jersey,jerseyshore,jerseyshore,apa,6960707054,4900257710,Bartlett Landing - Townhouse,https://jerseyshore.craigslist.org/apa/d/tuckerton-bartlett-landing-townhouse/6960707054.html,2019-09-18,08:54,$1715,Tuckerton,True,None,2,1749ft2
New_Jersey,jerseyshore,jerseyshore,apa,6960707526,4802095080,Loft Tuckerton NJ,https://jerseyshore.craigslist.org/apa/d/tuckerton-loft-tuckerton-nj/6960707526.html,2019-09-18,08:54,$1675,Tuckerton,True,None,2,1667ft2
New_Jersey,jerseyshore,jerseyshore,apa,6981159666,6951387331,1 month free on 13-17 month lease! Select units/limited time!,https://jerseyshore.craigslist.org/apa/d/matawan-1-month-free-on-month-lease/6981159666.html,2019-09-18,08:16,$2000,Keyport,True,None,1,962ft2
New_Jersey,jerseyshore,jerseyshore,apa,6981157760,None,2 bedroom 2 bath apartment home! Luxury living in Matawan!,https://jerseyshore.craigslist.org/apa/d/matawan-2-bedroom-2-bath-apartment-home/6981157760.html,2019-09-18,08:11,$2480,Atlantic Highlands,True,None,2,1304ft2
New_Jersey,jerseyshore,jerseyshore,apa,6981148579,6531811540,Save Up To $3224 On Select Apartments!,https://jerseyshore.craigslist.org/apa/d/cologne-save-up-to-3224-on-select/6981148579.html,2019-09-18,07:40,$0,Mays Landing,True,None,1,None
New_Jersey,jerseyshore,jerseyshore,apa,6981148481,6531811540,Save Up To $2835 On Select Townhomes!,https://jerseyshore.craigslist.org/apa/d/cologne-save-up-to-2835-on-select/6981148481.html,2019-09-18,07:39,$0,Mays Landing,True,None,3,None
New_Jersey,jerseyshore,jerseyshore,apa,6981148406,6531811540,Save Up To $3224 On Select Apartments!,https://jerseyshore.craigslist.org/apa/d/cologne-save-up-to-3224-on-select/6981148406.html,2019-09-18,07:39,$0,Mays Landing,True,None,2,None
New_Jersey,jerseyshore,jerseyshore,apa,6978691913,4751695111,yr round 2Bdrm,https://jerseyshore.craigslist.org/apa/d/seaside-heights-yr-round-2bdrm/6978691913.html,2019-09-18,06:53,$1200,Seaside Heights,False,None,2,None
New_Jersey,jerseyshore,jerseyshore,apa,6981134710,None,"DOG FRIENDLY, 1 BEDROOM, WINTER FURNISH RENTAL, VERY SPACIOUS:",https://jerseyshore.craigslist.org/apa/d/ocean-grove-dog-friendly-1-bedroom/6981134710.html,2019-09-18,06:25,$1300,Ocean Grove/Asbury Park NJ Shore,True,None,1,850ft2
New_Jersey,jerseyshore,jerseyshore,apa,6973980325,None,OPEN HOUSE SUNDAY SEPT 8 2:30 PM - 4: 00 PM AVAILABLE HOME!,https://jerseyshore.craigslist.org/apa/d/long-branch-open-house-sunday-sept-pm/6973980325.html,2019-09-18,03:38,$900,"99 Atlantic Ave, Long Branch, NJ",True,None,3,None
New_Jersey,jerseyshore,jerseyshore,apa,6980971536,6704020691,Ocean View & Fully Furnished Condo,https://jerseyshore.craigslist.org/apa/d/ventnor-city-ocean-view-fully-furnished/6980971536.html,2019-09-17,19:48,$1300,3101 Boardwalk Ave.,True,None,1,900ft2
New_Jersey,jerseyshore,jerseyshore,apa,6980968344,None,1 bedroom apt on the beach,https://jerseyshore.craigslist.org/apa/d/lavallette-1-bedroom-apt-on-the-beach/6980968344.html,2019-09-17,19:43,$1600,Lavalette,False,None,1,900ft2
New_Jersey,jerseyshore,jerseyshore,apa,6980903723,None,"Hottest spot! Come check it out, near shopping, beaches and parkway!!",https://jerseyshore.craigslist.org/apa/d/neptune-hottest-spot-come-check-it-out/6980903723.html,2019-09-17,18:05,$2155,None,True,None,None,None
New_Jersey,jerseyshore,jerseyshore,apa,6980828642,None,1 Bedroom Apt,https://jerseyshore.craigslist.org/apa/d/allenhurst-1-bedroom-apt/6980828642.html,2019-09-17,16:30,$1450,Asbury Park,True,None,1,None
New_Jersey,jerseyshore,jerseyshore,apa,6980814878,None,Cape Cod Style Home near Beach for Summer Season,https://jerseyshore.craigslist.org/apa/d/belmar-cape-cod-style-home-near-beach/6980814878.html,2019-09-17,16:14,$26000,Lake Como,True,None,4,None
New_Jersey,jerseyshore,jerseyshore,apa,6980811492,None,Charming Home for Winter Rental,https://jerseyshore.craigslist.org/apa/d/bradley-beach-charming-home-for-winter/6980811492.html,2019-09-17,16:10,$1850,Bradley Beach,True,None,2,None
New_Jersey,jerseyshore,jerseyshore,apa,6980803366,None,Cape Cod Style Home near Beach for Summer Rental,https://jerseyshore.craigslist.org/apa/d/belmar-cape-cod-style-home-near-beach/6980803366.html,2019-09-17,16:00,$6500,Lake Como,True,None,2,None
New_Jersey,jerseyshore,jerseyshore,apa,6980798949,None,Luxurious Colonial for Winter Rental,https://jerseyshore.craigslist.org/apa/d/belmar-luxurious-colonial-for-winter/6980798949.html,2019-09-17,15:55,$3300,Belmar,True,None,4,None
New_Jersey,jerseyshore,jerseyshore,apa,6960891875,6862517542,SUMMER WEEKLY  - OCEAN FRONT w/6 BR,https://jerseyshore.craigslist.org/apa/d/atlantic-city-summer-weekly-ocean-front/6960891875.html,2019-09-17,15:51,$5000,BRIGANTINE,False,None,6,None
New_Jersey,jerseyshore,jerseyshore,apa,6980791148,None,Modern Colonial for Winter Rental,https://jerseyshore.craigslist.org/apa/d/asbury-park-modern-colonial-for-winter/6980791148.html,2019-09-17,15:46,$2500,Asbury Park,True,None,5,None
New_Jersey,jerseyshore,jerseyshore,apa,6980786184,None,Puurrfect rentals that are pet friendly! Come see now!!,https://jerseyshore.craigslist.org/apa/d/neptune-puurrfect-rentals-that-are-pet/6980786184.html,2019-09-17,15:41,$1905,None,True,None,None,None
New_Jersey,jerseyshore,jerseyshore,apa,6980785275,None,Year Round Living at the Beach,https://jerseyshore.craigslist.org/apa/d/rumson-year-round-living-at-the-beach/6980785275.html,2019-09-17,15:40,$1400,Sea Bright,False,None,1,None
New_Jersey,jerseyshore,jerseyshore,apa,6980770103,None,Oceanfront Condo for Annual Rental,https://jerseyshore.craigslist.org/apa/d/belmar-oceanfront-condo-for-annual/6980770103.html,2019-09-17,15:22,$2000,Belmar,True,None,1,None
New_Jersey,jerseyshore,jerseyshore,apa,6980764542,None,Spacious Updated Home for Winter Rental,https://jerseyshore.craigslist.org/apa/d/belmar-spacious-updated-home-for-winter/6980764542.html,2019-09-17,15:16,$1800,Belmar,True,None,3,None
New_Jersey,jerseyshore,jerseyshore,apa,6980759844,None,WINTER RENTAL W/WATER VIEWS,https://jerseyshore.craigslist.org/apa/d/rumson-winter-rental-water-views/6980759844.html,2019-09-17,15:11,$1400,"Sea Bright, NJ",True,None,1,None
New_Jersey,jerseyshore,jerseyshore,apa,6980751584,None,"Modern Appliances, Private Entrance, Picnic Area",https://jerseyshore.craigslist.org/apa/d/spring-lake-modern-appliances-private/6980751584.html,2019-09-17,15:02,$1650,Spring Lake Heights,True,None,1,None
New_Jersey,jerseyshore,jerseyshore,apa,6980745029,None,3 Bedroom Ranch For Rent,https://jerseyshore.craigslist.org/apa/d/point-pleasant-beach-3-bedroom-ranch/6980745029.html,2019-09-17,14:55,$2200,Pine Beach,True,None,None,None
New_Jersey,jerseyshore,jerseyshore,apa,6980696179,None,One Bedroom Downstairs!!,https://jerseyshore.craigslist.org/apa/d/matawan-one-bedroom-downstairs/6980696179.html,2019-09-17,14:03,$1370,"Matawan, NJ",True,None,1,700ft2
New_Jersey,jerseyshore,jerseyshore,apa,6972857011,None,Point Pleasant Beach Yearly rental,https://jerseyshore.craigslist.org/apa/d/point-pleasant-beach-point-pleasant/6972857011.html,2019-09-17,13:41,$1450,Point Pleasant Beach,True,None,None,None
New_Jersey,jerseyshore,jerseyshore,apa,6977857798,None,Yearly 1 bedroom $1450 Inc. H/HW Point Pleasant Beach,https://jerseyshore.craigslist.org/apa/d/point-pleasant-beach-yearly-1-bedroom/6977857798.html,2019-09-17,13:41,$1450,Point Pleasant Beach,True,None,1,None
New_Jersey,jerseyshore,jerseyshore,apa,6980662209,None,Beautifully Maintained Apartment for Annual Rental,https://jerseyshore.craigslist.org/apa/d/belmar-beautifully-maintained-apartment/6980662209.html,2019-09-17,13:28,$1800,Belmar,True,None,1,None
New_Jersey,jerseyshore,jerseyshore,apa,6980652387,None,Sunny Duplex Apartment for Annual Rental,https://jerseyshore.craigslist.org/apa/d/asbury-park-sunny-duplex-apartment-for/6980652387.html,2019-09-17,13:18,$1750,Asbury Park,True,None,3,None
New_Jersey,jerseyshore,jerseyshore,apa,6980635836,None,Garden Condo for Annual Rental,https://jerseyshore.craigslist.org/apa/d/belmar-garden-condo-for-annual-rental/6980635836.html,2019-09-17,13:02,$1700,Wall,True,None,1,None
New_Jersey,jerseyshore,jerseyshore,apa,6980625591,None,One Bedroom Available for Move In!!!!!!!,https://jerseyshore.craigslist.org/apa/d/orlando-one-bedroom-available-for-move/6980625591.html,2019-09-17,13:02,$1007,"5300 Lake Margaret Dr Orlando, FL",True,None,1,661ft2
New_Jersey,jerseyshore,jerseyshore,apa,6980627047,None,Beautiful Craftsman Home for Winter Rental,https://jerseyshore.craigslist.org/apa/d/belmar-beautiful-craftsman-home-for/6980627047.html,2019-09-17,12:53,$1500,Belmar,True,None,3,None
New_Jersey,jerseyshore,jerseyshore,apa,6980622039,None,"Convenient Location, Some Utilities Included, Hardwood Floors",https://jerseyshore.craigslist.org/apa/d/spring-lake-convenient-location-some/6980622039.html,2019-09-17,12:48,$1899,Spring Lake Heights,True,None,1,None
New_Jersey,jerseyshore,jerseyshore,apa,6980593043,None,3 bedroom apartment spacious,https://jerseyshore.craigslist.org/apa/d/south-amboy-3-bedroom-apartment-spacious/6980593043.html,2019-09-17,12:30,$1750,South Amboy nj,True,None,3,None
New_Jersey,jerseyshore,jerseyshore,apa,6980589561,None,LARGE 1 BEDROOM/ GREAT LOCATION,https://jerseyshore.craigslist.org/apa/d/belmar-large-1-bedroom-great-location/6980589561.html,2019-09-17,12:19,$1500,BELMAR,True,None,1,None
New_Jersey,jerseyshore,jerseyshore,apa,6980575099,None,$300 Gift Card at Move In! Move In Today!!!!!,https://jerseyshore.craigslist.org/apa/d/orlando-300-gift-card-at-move-in-move/6980575099.html,2019-09-17,12:00,$1,"5300 Lake Margaret Dr Orlando, FL",True,None,2,1009ft2
New_Jersey,jerseyshore,jerseyshore,apa,6980536124,None,North Wildwood N J Two Bedroom,https://jerseyshore.craigslist.org/apa/d/wildwood-north-wildwood-j-two-bedroom/6980536124.html,2019-09-17,11:20,$800,North Wildwood,True,None,2,None
New_Jersey,jerseyshore,jerseyshore,apa,6980520528,None,Move In Today!!!!!!!!!!!!!!!!!!!!,https://jerseyshore.craigslist.org/apa/d/orlando-move-in-today/6980520528.html,2019-09-17,11:13,$1168,"5300 Lake Margaret Dr Orlando, FL",True,None,2,923ft2
New_Jersey,jerseyshore,jerseyshore,apa,6976329610,None,NOW to MAY 15( 3 ) BEDROOM BEACH HOUSE / SLEEPS ( 6) CLEAN COZY,https://jerseyshore.craigslist.org/apa/d/seaside-heights-now-to-may-bedroom/6976329610.html,2019-09-17,11:07,$1500,SEASIDE HEIGHTS - NORTH END),True,None,3,1600ft2
New_Jersey,jerseyshore,jerseyshore,apa,6980526041,None,"Section 8 ok, Lots of Space, Call to see",https://jerseyshore.craigslist.org/apa/d/ocean-gate-section-8-ok-lots-of-space/6980526041.html,2019-09-17,11:07,$1950,Ocean Gate,True,None,4,None
New_Jersey,jerseyshore,jerseyshore,apa,6980518607,None,3 BR 1.5 bath House - Manasquan Nj,https://jerseyshore.craigslist.org/apa/d/manasquan-3-br-15-bath-house-manasquan/6980518607.html,2019-09-17,10:59,$2300,Manasquan,True,None,3,None
New_Jersey,jerseyshore,jerseyshore,apa,6980496762,None,Move In Today!!!,https://jerseyshore.craigslist.org/apa/d/south-houston-move-in-today/6980496762.html,2019-09-17,10:33,$1025,Houston,True,None,2,1069ft2
New_Jersey,jerseyshore,jerseyshore,apa,6980465004,None,Welcome To Your New Home!,https://jerseyshore.craigslist.org/apa/d/neptune-welcome-to-your-new-home/6980465004.html,2019-09-17,10:19,$1425,Neptune City,True,None,None,794ft2
New_Jersey,jerseyshore,jerseyshore,apa,6967995915,None,Adorable 2 Bedroom House for rent,https://jerseyshore.craigslist.org/apa/d/island-heights-adorable-2-bedroom-house/6967995915.html,2019-09-17,09:38,$1350,"Bay shore, Toms River",True,None,2,720ft2
New_Jersey,jerseyshore,jerseyshore,apa,6980447890,None,Hurry! Save Big While Supply Last. Low Move In Cost* Apply Today,https://jerseyshore.craigslist.org/apa/d/jersey-shore-hurry-save-big-while/6980447890.html,2019-09-17,09:38,$890,Jersey Shore,True,None,2,None
New_Jersey,jerseyshore,jerseyshore,apa,6980443182,None,"Lease Today, Laundry Room, Multiple Closets",https://jerseyshore.craigslist.org/apa/d/spring-lake-lease-today-laundry-room/6980443182.html,2019-09-17,09:20,$1650,Spring Lake Heights,True,None,1,None
New_Jersey,jerseyshore,jerseyshore,apa,6980439752,6775552207,4 Bedroom 3 Bathroom House for Rent,https://jerseyshore.craigslist.org/apa/d/south-amboy-4-bedroom-3-bathroom-house/6980439752.html,2019-09-17,09:14,$0,"255 Morgan Ave, South Amboy",False,None,4,2500ft2
New_Jersey,jerseyshore,jerseyshore,apa,6980437995,None,ENJOY COASTAL COMMUNITY WITH GREAT SCHOOL SYSTEM,https://jerseyshore.craigslist.org/apa/d/oakhurst-enjoy-coastal-community-with/6980437995.html,2019-09-17,09:14,$1085,"OCEAN, NJ",True,None,1,None
New_Jersey,jerseyshore,jerseyshore,apa,6980422623,None,Cape May cottage winter rental $1100,https://jerseyshore.craigslist.org/apa/d/cape-may-cape-may-cottage-winter-rental/6980422623.html,2019-09-17,08:40,$1100,Cape May,True,None,1,1000ft2
New_Jersey,jerseyshore,jerseyshore,apa,6980411428,None,"Hotel-like services and amenities, live a pampered lifestyle!",https://jerseyshore.craigslist.org/apa/d/matawan-hotel-like-services-and/6980411428.html,2019-09-17,08:11,$2000,Morganville,True,None,1,962ft2
New_Jersey,jerseyshore,jerseyshore,apa,6980402259,6832519346,3 BR 2.5 Bath Available! Call for More!,https://jerseyshore.craigslist.org/apa/d/toms-river-3-br-25-bath-available-call/6980402259.html,2019-09-17,08:04,$2895,None,True,None,3,None
New_Jersey,jerseyshore,jerseyshore,apa,6980401643,6792265257,Luxury All Around! Bring Your Pets!,https://jerseyshore.craigslist.org/apa/d/toms-river-luxury-all-around-bring-your/6980401643.html,2019-09-17,08:00,$2375,None,True,None,2,None
New_Jersey,jerseyshore,jerseyshore,apa,6980401787,6807411669,Brand New Luxury Town Homes in a Great Location!,https://jerseyshore.craigslist.org/apa/d/toms-river-brand-new-luxury-town-homes/6980401787.html,2019-09-17,07:50,$2850,None,True,None,3,None
New_Jersey,jerseyshore,jerseyshore,apa,6980402098,6524260789,Save Up To $3224 On Select Apartments!,https://jerseyshore.craigslist.org/apa/d/cologne-save-up-to-3224-on-select/6980402098.html,2019-09-17,07:39,$0,Mays Landing,True,None,1,None
New_Jersey,jerseyshore,jerseyshore,apa,6980397078,6524260789,Save Up To $3224 On Select Apartments!,https://jerseyshore.craigslist.org/apa/d/cologne-save-up-to-3224-on-select/6980397078.html,2019-09-17,07:18,$0,Mays Landing,True,None,2,None
New_Jersey,jerseyshore,jerseyshore,apa,6980397027,6518634727,Save Up To $2835 On Select Townhomes!,https://jerseyshore.craigslist.org/apa/d/cologne-save-up-to-2835-on-select/6980397027.html,2019-09-17,07:18,$0,"Mays Landing, NJ",True,None,3,None
New_Jersey,jerseyshore,jerseyshore,apa,6973326332,None,RENT WINTER   INCLUDES UTILITY'S (5) HOUSES to BEACH SLEEPS (6),https://jerseyshore.craigslist.org/apa/d/seaside-heights-rent-winter-includes/6973326332.html,2019-09-17,07:08,$1500,SEASIDE HEIGHTS - NORTH END,True,None,3,1600ft2
New_Jersey,jerseyshore,jerseyshore,apa,6978466594,None,UTILITY'S INCLUDED ( 3 ) BEDROOM BEACH HOUSE / CLEAN COZY,https://jerseyshore.craigslist.org/apa/d/seaside-heights-utilitys-included-3/6978466594.html,2019-09-17,07:05,$1500,SEASIDE HEIGHTS - NORTH END),True,None,3,1600ft2
New_Jersey,jerseyshore,jerseyshore,apa,6980381135,None,"DOG FRIENDLY, 1 BEDROOM, WINTER FURNISH RENTAL, VERY SPACIOUS:",https://jerseyshore.craigslist.org/apa/d/ocean-grove-dog-friendly-1-bedroom/6980381135.html,2019-09-17,05:26,$1300,Jersey Shore/Ocean Grove/Asbury Park NJ,True,None,1,850ft2
New_Jersey,jerseyshore,jerseyshore,apa,6969715442,6608395322,Tranquil Sea-Cozy Sanctuary : NEWLY LISTED!,https://jerseyshore.craigslist.org/apa/d/point-pleasant-beach-tranquil-sea-cozy/6969715442.html,2019-09-17,03:12,$1350,Point Beach,False,None,2,500ft2
New_Jersey,jerseyshore,jerseyshore,apa,6973127566,None,Small Studio apartment,https://jerseyshore.craigslist.org/apa/d/allenhurst-small-studio-apartment/6973127566.html,2019-09-16,20:57,$1200,Asbury Park,True,None,1,None
New_Jersey,jerseyshore,jerseyshore,apa,6980256209,None,3-4 bedroom,https://jerseyshore.craigslist.org/apa/d/lakewood-3-4-bedroom/6980256209.html,2019-09-16,20:47,$1850,Lakewood,False,None,None,None
New_Jersey,jerseyshore,jerseyshore,apa,6980230166,None,WOW Must See 3 BR 1.5 bath Condo Windmill Clue,https://jerseyshore.craigslist.org/apa/d/howell-wow-must-see-3-br-15-bath-condo/6980230166.html,2019-09-16,20:05,$2150,Howell near Lakewood Jackson Freehold Toms River,True,None,3,None
New_Jersey,jerseyshore,jerseyshore,apa,6960290188,None,Seaside Heights - 4 bedroom,https://jerseyshore.craigslist.org/apa/d/seaside-heights-seaside-heights-4/6960290188.html,2019-09-16,18:47,$1200,Seaside Heights,True,None,4,None
New_Jersey,jerseyshore,jerseyshore,apa,6980180488,None,"$1,000.00 off! Come tour today!!",https://jerseyshore.craigslist.org/apa/d/denver-off-come-tour-today/6980180488.html,2019-09-16,18:40,$1399,Denver,True,None,2,923ft2
New_Jersey,jerseyshore,jerseyshore,apa,6980179789,None,$1000 Off Move In!,https://jerseyshore.craigslist.org/apa/d/denver-1000-off-move-in/6980179789.html,2019-09-16,18:39,$1194,Denver,True,None,1,750ft2
New_Jersey,jerseyshore,jerseyshore,apa,6980178100,None,"New Appliances, First Floor, Lovely Home!",https://jerseyshore.craigslist.org/apa/d/denver-new-appliances-first-floor/6980178100.html,2019-09-16,18:37,$1120,Denver,True,None,1,670ft2
New_Jersey,jerseyshore,jerseyshore,apa,6976161724,6634809337,2 Bedroom Luxury Contemporary Apartment-Asbury Park,https://jerseyshore.craigslist.org/apa/d/ocean-grove-2-bedroom-luxury/6976161724.html,2019-09-16,18:29,$2350,Asbury Park,True,None,2,None
New_Jersey,jerseyshore,jerseyshore,apa,6980134516,None,Move In Ready!!!!!!!!!!!!!!!!,https://jerseyshore.craigslist.org/apa/d/orlando-move-in-ready/6980134516.html,2019-09-16,17:52,$1152,"5300 Lake Margaret Dr Orlando, FL",True,None,2,1009ft2
New_Jersey,jerseyshore,jerseyshore,apa,6966005924,3156730949,3BR/2BA Winter Rental in Belmar/Lake Como,https://jerseyshore.craigslist.org/apa/d/3br-2ba-winter-rental-in-belmar-lake/6966005924.html,2019-09-16,17:50,$1795,lake como,True,None,3,None
New_Jersey,jerseyshore,jerseyshore,apa,6980107302,None,SAVE $1000 NOW!,https://jerseyshore.craigslist.org/apa/d/denver-save-1000-now/6980107302.html,2019-09-16,17:05,$1194,Denver,True,None,1,750ft2
New_Jersey,jerseyshore,jerseyshore,apa,6980083312,None,Experience Jumping Brook today! Applying is as easy as 1.2.3.,https://jerseyshore.craigslist.org/apa/d/neptune-experience-jumping-brook-today/6980083312.html,2019-09-16,17:02,$1425,Neptune City,True,None,None,794ft2
New_Jersey,jerseyshore,jerseyshore,apa,6980102297,None,Alluring 1br 1ba w/ Balcony Washer and Dryer in Unit!,https://jerseyshore.craigslist.org/apa/d/denver-alluring-1br-1ba-balcony-washer/6980102297.html,2019-09-16,16:59,$1120,Denver,True,None,1,670ft2
New_Jersey,jerseyshore,jerseyshore,apa,6980084188,None,"PET FRIENDLY, Onsite storage facilities, Fitness Center! Tour TODAY!",https://jerseyshore.craigslist.org/apa/d/neptune-pet-friendly-onsite-storage/6980084188.html,2019-09-16,16:38,$1875,None,True,None,None,None
New_Jersey,jerseyshore,jerseyshore,apa,6980084009,None,This Two Bedroom is a Home Run!,https://jerseyshore.craigslist.org/apa/d/denver-this-two-bedroom-is-home-run/6980084009.html,2019-09-16,16:37,$1500,Denver,True,None,2,1017ft2
New_Jersey,jerseyshore,jerseyshore,apa,6980082771,None,Don't Miss Out! Save on a Renovated apartment!,https://jerseyshore.craigslist.org/apa/d/denver-dont-miss-out-save-on-renovated/6980082771.html,2019-09-16,16:36,$1399,Denver,True,None,2,923ft2
New_Jersey,jerseyshore,jerseyshore,apa,6980081531,None,Call Sienna Cherry Creek Home!,https://jerseyshore.craigslist.org/apa/d/denver-call-sienna-cherry-creek-home/6980081531.html,2019-09-16,16:35,$1194,Denver,True,None,1,750ft2
New_Jersey,jerseyshore,jerseyshore,apa,6980079486,None,"$1,000.00 off first months rent on this cozy 1x1! Come tour today!",https://jerseyshore.craigslist.org/apa/d/denver-off-first-months-rent-on-this/6980079486.html,2019-09-16,16:32,$1120,Denver,True,None,1,670ft2
New_Jersey,jerseyshore,jerseyshore,apa,6958849046,998063797,1 BR Winter -  534 Brielle Rd Manasquan NJ,https://jerseyshore.craigslist.org/apa/d/sea-girt-1-br-winter-brielle-rd/6958849046.html,2019-09-16,16:10,$775,manasquan Beach,True,None,1,None
New_Jersey,jerseyshore,jerseyshore,apa,6980045043,None,"3 BEDROOM, 2 BATH, AND CENTRAL AIR! CONTACT US TODAY!",https://jerseyshore.craigslist.org/apa/d/toms-river-3-bedroom-2-bath-and-central/6980045043.html,2019-09-16,15:54,$850,"16 Green Ridge Dr, Toms River, NJ",True,None,3,None
New_Jersey,jerseyshore,jerseyshore,apa,6963274540,6361318963,"Charming Bright Studio, 2.5 Blocks From The Beach - Winter Rental",https://jerseyshore.craigslist.org/apa/d/ocean-grove-charming-bright-studio-25/6963274540.html,2019-09-16,15:31,$1200,Ocean Grove,True,None,None,None
New_Jersey,jerseyshore,jerseyshore,apa,6961347694,None,BEAUTIFUL 2BR APARTMENT,https://jerseyshore.craigslist.org/apa/d/keansburg-beautiful-2br-apartment/6961347694.html,2019-09-16,14:34,$1800,Hazlet,True,None,2,None
New_Jersey,jerseyshore,jerseyshore,apa,6979970172,None,"DOG FRIENDLY, Winter 1 Bedroom Furnish Rental VERY SPACIOUS",https://jerseyshore.craigslist.org/apa/d/ocean-grove-dog-friendly-winter-1/6979970172.html,2019-09-16,14:33,$1300,Jersey Shore/Belmar/Ocean Grove,True,None,1,850ft2
New_Jersey,jerseyshore,jerseyshore,apa,6979969054,None,"The Perfect 2 Bed 2 Bath To Call Home, At The Pointe!",https://jerseyshore.craigslist.org/apa/d/neptune-the-perfect-2-bed-2-bath-to/6979969054.html,2019-09-16,14:32,$1905,None,True,None,None,None
New_Jersey,jerseyshore,jerseyshore,apa,6979963148,None,"Leasing Now, Pool, Landscaped Grounds",https://jerseyshore.craigslist.org/apa/d/spring-lake-leasing-now-pool-landscaped/6979963148.html,2019-09-16,14:26,$1650,Spring Lake Heights,True,None,1,None
New_Jersey,jerseyshore,jerseyshore,apa,6979855670,None,2 Bedroom house for rent,https://jerseyshore.craigslist.org/apa/d/brick-2-bedroom-house-for-rent/6979855670.html,2019-09-16,12:37,$1650,Brick,True,None,2,1100ft2
New_Jersey,jerseyshore,jerseyshore,apa,6979833773,None,"Professionally Managed, Stainless Steel Appliances, Multiple Closets",https://jerseyshore.craigslist.org/apa/d/spring-lake-professionally-managed/6979833773.html,2019-09-16,12:15,$1899,Spring Lake Heights,True,None,1,None
New_Jersey,jerseyshore,jerseyshore,apa,6979827809,None,2 Bedroom duplex,https://jerseyshore.craigslist.org/apa/d/point-pleasant-beach-2-bedroom-duplex/6979827809.html,2019-09-16,12:09,$1650,Point Pleasant Boro,True,None,2,None
New_Jersey,jerseyshore,jerseyshore,apa,6979821660,None,Move In Today!! Get a $300 Gift Card!!!!!,https://jerseyshore.craigslist.org/apa/d/orlando-move-in-today-get-300-gift-card/6979821660.html,2019-09-16,12:03,$1152,"5300 Lake Margaret Dr Orlando, FL",False,None,2,1009ft2
New_Jersey,jerseyshore,jerseyshore,apa,6979771442,None,Move In Today!!!,https://jerseyshore.craigslist.org/apa/d/south-houston-move-in-today/6979771442.html,2019-09-16,11:09,$1025,Houston,True,None,1,1069ft2
New_Jersey,jerseyshore,jerseyshore,apa,6960080003,4802111117,Two bedroom - Tuckerton,https://jerseyshore.craigslist.org/apa/d/tuckerton-two-bedroom-tuckerton/6960080003.html,2019-09-16,11:01,$1309,Tuckerton,True,None,2,833ft2
New_Jersey,jerseyshore,jerseyshore,apa,6979763561,None,Get In Close To Jersey Shore Hot Spots! Apply In Person Or ONLINE!,https://jerseyshore.craigslist.org/apa/d/neptune-get-in-close-to-jersey-shore/6979763561.html,2019-09-16,11:00,$2000,None,True,None,None,None
New_Jersey,jerseyshore,jerseyshore,apa,6979738923,None,Furnished > No deposit,https://jerseyshore.craigslist.org/apa/d/red-bank-furnished-no-deposit/6979738923.html,2019-09-16,10:52,$1817,None,True,None,1,None
New_Jersey,jerseyshore,jerseyshore,apa,6979704635,None,Welcome To Your New Home!,https://jerseyshore.craigslist.org/apa/d/neptune-welcome-to-your-new-home/6979704635.html,2019-09-16,10:29,$1425,Neptune City,True,None,None,794ft2
New_Jersey,jerseyshore,jerseyshore,apa,6960584869,4605004963,"1 bath, 1 bedroom 2nd Floor Apt.",https://jerseyshore.craigslist.org/apa/d/1-bath-1-bedroom-2nd-floor-apt/6960584869.html,2019-09-16,10:28,$1000,LANOKA HARBOR,True,None,1,None
New_Jersey,jerseyshore,jerseyshore,apa,6962881746,4882628637,Popular 1BR on 6th Ave Available!,https://jerseyshore.craigslist.org/apa/d/allenhurst-popular-1br-on-6th-ave/6962881746.html,2019-09-16,10:14,$1605,310 6th Avenue,True,None,1,725ft2
New_Jersey,jerseyshore,jerseyshore,apa,6979721576,None,Ready for Move In!!!!!!!!1,https://jerseyshore.craigslist.org/apa/d/orlando-ready-for-move-in1/6979721576.html,2019-09-16,10:10,$994,"5300 Lake Margaret Dr Orlando, FL",False,None,1,661ft2
New_Jersey,jerseyshore,jerseyshore,apa,6979711710,None,Winter Rental - great 3 Bedroom 2.5 bath available,https://jerseyshore.craigslist.org/apa/d/lanoka-harbor-winter-rental-great-3/6979711710.html,2019-09-16,09:58,$1900,Lanoka Harbor,True,None,3,1875ft2
New_Jersey,jerseyshore,jerseyshore,apa,6979701719,4879038032,Right Near AC! Come Live At Sunrise Bay!,https://jerseyshore.craigslist.org/apa/d/right-near-ac-come-live-at-sunrise-bay/6979701719.html,2019-09-16,09:44,$0,Galloway,False,None,2,None
New_Jersey,jerseyshore,jerseyshore,apa,6979679801,6789118894,2 BR 2 Bath Available!,https://jerseyshore.craigslist.org/apa/d/toms-river-2-br-2-bath-available/6979679801.html,2019-09-16,09:34,$2375,None,True,None,2,None
New_Jersey,jerseyshore,jerseyshore,apa,6979679286,6724702155,Beautiful Large 3 bedroom 2.5 bath!,https://jerseyshore.craigslist.org/apa/d/toms-river-beautiful-large-3-bedroom-25/6979679286.html,2019-09-16,09:28,$2895,None,True,None,3,None
New_Jersey,jerseyshore,jerseyshore,apa,6979678937,6795421128,Call for availability! Come in for a tour! Check us out!,https://jerseyshore.craigslist.org/apa/d/toms-river-call-for-availability-come/6979678937.html,2019-09-16,09:21,$2850,None,True,None,3,None
New_Jersey,jerseyshore,jerseyshore,apa,6979682470,None,"Designer Fixtures, Picnic Area, Some Utilities Included",https://jerseyshore.craigslist.org/apa/d/spring-lake-designer-fixtures-picnic/6979682470.html,2019-09-16,09:15,$1650,Spring Lake Heights,True,None,1,None
New_Jersey,jerseyshore,jerseyshore,apa,6979668188,None,Enjoy Coastal Living In Pleasant Community,https://jerseyshore.craigslist.org/apa/d/oakhurst-enjoy-coastal-living-in/6979668188.html,2019-09-16,08:52,$1085,"Ocean, NJ",True,None,1,None
New_Jersey,jerseyshore,jerseyshore,apa,6979663647,6524260789,Save Up To $3224 On Select Apartments!,https://jerseyshore.craigslist.org/apa/d/cologne-save-up-to-3224-on-select/6979663647.html,2019-09-16,08:39,$0,Mays Landing,True,None,2,None
New_Jersey,jerseyshore,jerseyshore,apa,6979663242,6524260789,Save Up To $3224 On Select Apartments!,https://jerseyshore.craigslist.org/apa/d/cologne-save-up-to-3224-on-select/6979663242.html,2019-09-16,08:39,$0,Mays Landing,True,None,1,None
New_Jersey,jerseyshore,jerseyshore,apa,6979662829,6524260789,Save Up To $3224 On Select Apartments!,https://jerseyshore.craigslist.org/apa/d/cologne-save-up-to-3224-on-select/6979662829.html,2019-09-16,08:38,$0,Mays Landing,True,None,1,None
New_Jersey,jerseyshore,jerseyshore,apa,6979658588,None,2 bedroom Apartments Tailored to Your Highest Standards!,https://jerseyshore.craigslist.org/apa/d/matawan-2-bedroom-apartments-tailored/6979658588.html,2019-09-16,08:28,$2310,Atlantic Highlands,True,None,2,1300ft2
New_Jersey,jerseyshore,jerseyshore,apa,6979654882,None,"Middletown/Red Bank, NJ 07701 房间出租(River Plaza)",https://jerseyshore.craigslist.org/apa/d/red-bank-middletown-red-bank-nj-river/6979654882.html,2019-09-16,08:19,$0,Red Bank,False,None,None,None
New_Jersey,jerseyshore,jerseyshore,apa,6979525445,None,Spacious 3bedroom Winter Rental Home,https://jerseyshore.craigslist.org/apa/d/seaside-heights-spacious-3bedroom/6979525445.html,2019-09-15,21:29,$1800,Seaside Heights,True,None,3,None
New_Jersey,jerseyshore,jerseyshore,apa,6962152174,None,"3 BR Spacious Cottage Winter Rental Available , Utilities Included!",https://jerseyshore.craigslist.org/apa/d/seaside-heights-3-br-spacious-cottage/6962152174.html,2019-09-15,21:12,$1200,Seaside Heights,True,None,3,None
New_Jersey,jerseyshore,jerseyshore,apa,6962158871,None,"NEW WINTER RENTAL- 3 BR Park House, utilities included!",https://jerseyshore.craigslist.org/apa/d/seaside-park-new-winter-rental-3-br/6962158871.html,2019-09-15,21:12,$1200,Seaside Park,True,None,3,None
New_Jersey,jerseyshore,jerseyshore,apa,6959006139,6936181061,NEW! 1 BR Seaside Heights available for rent! Utilities included.,https://jerseyshore.craigslist.org/apa/d/seaside-heights-new-1-br-seaside/6959006139.html,2019-09-15,21:12,$840,Seaside Heights,True,None,1,None
New_Jersey,jerseyshore,jerseyshore,apa,6979508422,None,Winter Rental,https://jerseyshore.craigslist.org/apa/d/seaside-heights-winter-rental/6979508422.html,2019-09-15,20:53,$1500,Seaside Heights,True,None,3,None
New_Jersey,jerseyshore,jerseyshore,apa,6979448245,5764114877,Winter Rental Manasquan,https://jerseyshore.craigslist.org/apa/d/winter-rental-manasquan/6979448245.html,2019-09-15,18:58,$950,Manasquan,False,None,5,1300ft2
New_Jersey,jerseyshore,jerseyshore,apa,6977745687,None,house for rent,https://jerseyshore.craigslist.org/apa/d/lakewood-house-for-rent/6977745687.html,2019-09-15,18:10,$2500,lakewood,True,None,3,None
New_Jersey,jerseyshore,jerseyshore,apa,6963491916,None,Immaculate 2 BR/1 BA,https://jerseyshore.craigslist.org/apa/d/bradley-beach-immaculate-2-br-1-ba/6963491916.html,2019-09-15,17:24,$1500,Bradley Beach,False,None,2,None
New_Jersey,jerseyshore,jerseyshore,apa,6979365181,None,4 Bedroom 1 Bath Ranch with Garage,https://jerseyshore.craigslist.org/apa/d/beachwood-4-bedroom-1-bath-ranch-with/6979365181.html,2019-09-15,16:45,$2075,BEACHWOOD,True,None,4,1725ft2
New_Jersey,jerseyshore,jerseyshore,apa,6979341525,None,Spacious 2 Bed 2 Bath With Natural Light. Apply Online!!,https://jerseyshore.craigslist.org/apa/d/neptune-spacious-2-bed-2-bath-with/6979341525.html,2019-09-15,16:10,$2000,None,True,None,None,None
New_Jersey,jerseyshore,jerseyshore,apa,6979309550,None,"Cats Welcome, Full Appliance Package, W/D In Unit, Wooded views",https://jerseyshore.craigslist.org/apa/d/neptune-cats-welcome-full-appliance/6979309550.html,2019-09-15,15:24,$1905,None,True,None,None,None
New_Jersey,jerseyshore,jerseyshore,apa,6979303899,None,New one bedroom apartment,https://jerseyshore.craigslist.org/apa/d/seaside-heights-new-one-bedroom/6979303899.html,2019-09-15,15:18,$875,Ortley Beach,True,None,1,None
New_Jersey,jerseyshore,jerseyshore,apa,6979290763,6602087791,"Luxury 5 Bed, Furnished Oceanfront rentals",https://jerseyshore.craigslist.org/apa/d/ventnor-city-luxury-5-bed-furnished/6979290763.html,2019-09-15,14:57,$4000,None,False,None,5,3000ft2
New_Jersey,jerseyshore,jerseyshore,apa,6979268594,None,Experience Jumping Brook today!,https://jerseyshore.craigslist.org/apa/d/neptune-experience-jumping-brook-today/6979268594.html,2019-09-15,14:32,$1425,Neptune City,True,None,None,794ft2
New_Jersey,jerseyshore,jerseyshore,apa,6979255482,None,"Plenty of Space, Call to See Section 8 taken",https://jerseyshore.craigslist.org/apa/d/ocean-gate-plenty-of-space-call-to-see/6979255482.html,2019-09-15,14:08,$1950,Ocean Gate,True,None,4,None
New_Jersey,jerseyshore,jerseyshore,apa,6979191030,None,"Are you ready for a turn-key, maintenance free lifestyle? Call today!",https://jerseyshore.craigslist.org/apa/d/matawan-are-you-ready-for-turn-key/6979191030.html,2019-09-15,12:36,$2000,Marlboro,True,None,1,962ft2
New_Jersey,jerseyshore,jerseyshore,apa,6979158795,None,Welcome To Your New Home!,https://jerseyshore.craigslist.org/apa/d/neptune-welcome-to-your-new-home/6979158795.html,2019-09-15,12:26,$1425,Neptune City,True,None,None,794ft2
New_Jersey,jerseyshore,jerseyshore,apa,6979139637,None,Love this building! Love this location! Amazing Stuff in Cool Area,https://jerseyshore.craigslist.org/apa/d/neptune-love-this-building-love-this/6979139637.html,2019-09-15,11:17,$2000,None,True,None,None,None
New_Jersey,jerseyshore,jerseyshore,apa,6979113232,None,NICE 2 BEDROOM APARTMENT 1ST FLOOR,https://jerseyshore.craigslist.org/apa/d/atlantic-city-nice-2-bedroom-apartment/6979113232.html,2019-09-15,10:33,$875,VENTNOR / ATLANTIC CITY,False,None,None,None
New_Jersey,jerseyshore,jerseyshore,apa,6979107734,None,Winter rental,https://jerseyshore.craigslist.org/apa/d/sea-girt-winter-rental/6979107734.html,2019-09-15,10:22,$1500,Manasquan,False,None,4,None
New_Jersey,jerseyshore,jerseyshore,apa,6979106854,None,LARGE 3 BEDROOM APARTMENT,https://jerseyshore.craigslist.org/apa/d/ventnor-city-large-3-bedroom-apartment/6979106854.html,2019-09-15,10:21,$1185,VENTNOR / ATLANTIC CITY,False,None,None,None
New_Jersey,jerseyshore,jerseyshore,apa,6979061093,6802826541,Touring! Come See! Pet Friendly!,https://jerseyshore.craigslist.org/apa/d/toms-river-touring-come-see-pet-friendly/6979061093.html,2019-09-15,09:12,$2895,None,True,None,3,None
New_Jersey,jerseyshore,jerseyshore,apa,6959204617,None,2 BR Rear House- Beautifully Renovated Private Rear House with Deck,https://jerseyshore.craigslist.org/apa/d/bradley-beach-2-br-rear-house/6959204617.html,2019-09-15,08:55,$1400,Bradley Beach,True,None,2,None
New_Jersey,jerseyshore,jerseyshore,apa,6979060835,6805160752,Beautiful 3 Bed 2.5 Bath Pet Friendly!,https://jerseyshore.craigslist.org/apa/d/toms-river-beautiful-3-bed-25-bath-pet/6979060835.html,2019-09-15,08:38,$2850,None,True,None,3,None
New_Jersey,jerseyshore,jerseyshore,apa,6979052972,6524260789,Save Up To $3224 On Select Apartments!,https://jerseyshore.craigslist.org/apa/d/cologne-save-up-to-3224-on-select/6979052972.html,2019-09-15,08:12,$0,Mays Landing,True,None,2,None
New_Jersey,jerseyshore,jerseyshore,apa,6979052771,6524260789,Save Up To $3224 On Select Apartments!,https://jerseyshore.craigslist.org/apa/d/cologne-save-up-to-3224-on-select/6979052771.html,2019-09-15,08:11,$0,Mays Landing,True,None,1,None
New_Jersey,jerseyshore,jerseyshore,apa,6979052629,6524260789,Save Up To $3224 On Select Apartments!,https://jerseyshore.craigslist.org/apa/d/cologne-save-up-to-3224-on-select/6979052629.html,2019-09-15,08:11,$0,Mays Landing,True,None,1,None
New_Jersey,jerseyshore,jerseyshore,apa,6959801852,6153031592,Luxury townhouse rental on the water,https://jerseyshore.craigslist.org/apa/d/luxury-townhouse-rental-on-the-water/6959801852.html,2019-09-15,07:43,$2275,Somers Point,False,None,3,1600ft2
New_Jersey,jerseyshore,jerseyshore,apa,6959803250,6153031592,Luxury townhouse rental on the water,https://jerseyshore.craigslist.org/apa/d/luxury-townhouse-rental-on-the-water/6959803250.html,2019-09-15,07:28,$2275,Somers Point,False,None,3,1600ft2
New_Jersey,jerseyshore,jerseyshore,apa,6979030379,None,"DOG FRIENDLY, Winter 1 Bedroom Furnish Rental VERY SPACIOUS",https://jerseyshore.craigslist.org/apa/d/ocean-grove-dog-friendly-winter-1/6979030379.html,2019-09-15,05:37,$1300,Jersey Shore/Belmar/Ocean Grove,True,None,1,850ft2
New_Jersey,jerseyshore,jerseyshore,apa,6979029619,None,"DOG FRIENDLY, 1 BEDROOM, WINTER FURNISH RENTAL, VERY SPACIOUS:",https://jerseyshore.craigslist.org/apa/d/ocean-grove-dog-friendly-1-bedroom/6979029619.html,2019-09-15,05:29,$1300,Jersey Shore Bradly Beach/Avon,True,None,1,850ft2
New_Jersey,jerseyshore,jerseyshore,apa,6979003718,None,HOUSE FOR RENT WINTER or YEAR ROUND,https://jerseyshore.craigslist.org/apa/d/oakhurst-house-for-rent-winter-or-year/6979003718.html,2019-09-15,01:26,$1800,OAKHURST,True,None,4,None
New_Jersey,jerseyshore,jerseyshore,apa,6978940254,None,Year Round Apartment,https://jerseyshore.craigslist.org/apa/d/neptune-year-round-apartment/6978940254.html,2019-09-14,21:21,$1200,Neptune City,True,None,1,None
New_Jersey,jerseyshore,jerseyshore,apa,6978902745,None,!!!Newly remodeled 3 bd 2 bath home!!!,https://jerseyshore.craigslist.org/apa/d/denver-newly-remodeled-3-bd-2-bath-home/6978902745.html,2019-09-14,20:43,$2400,None,True,None,3,None
New_Jersey,jerseyshore,jerseyshore,apa,6978922799,6926455227,2 Bedroom Apartment on beautiful Bay Avenue,https://jerseyshore.craigslist.org/apa/d/highlands-2-bedroom-apartment-on/6978922799.html,2019-09-14,20:39,$1600,"Highlands, NJ",False,None,1,None
New_Jersey,jerseyshore,jerseyshore,apa,6958521142,6317884107,"Winter rental, 1 Bedroom apartment, avai. from February 5 to May 15",https://jerseyshore.craigslist.org/apa/d/ocean-grove-winter-rental-1-bedroom/6958521142.html,2019-09-14,20:34,$1400,Ocean Grove,True,None,1,None
New_Jersey,jerseyshore,jerseyshore,apa,6978874859,None,Winter Rental,https://jerseyshore.craigslist.org/apa/d/point-pleasant-beach-winter-rental/6978874859.html,2019-09-14,19:03,$1600,Point Pleasant Beach,True,None,4,1600ft2
New_Jersey,jerseyshore,jerseyshore,apa,6978807581,None,You will love love love this location! Come tour now! Call us today!,https://jerseyshore.craigslist.org/apa/d/neptune-you-will-love-love-love-this/6978807581.html,2019-09-14,17:15,$2155,None,True,None,None,None
New_Jersey,jerseyshore,jerseyshore,apa,6958068753,None,** Winter Rental - Spacious 1Br - Great Belmar Location **,https://jerseyshore.craigslist.org/apa/d/belmar-winter-rental-spacious-1br-great/6958068753.html,2019-09-14,15:43,$1200,Belmar,True,None,1,None
New_Jersey,jerseyshore,jerseyshore,apa,6958063087,None,** Winter Rental - Spacious 2Br - Great Belmar Location **,https://jerseyshore.craigslist.org/apa/d/belmar-winter-rental-spacious-2br-great/6958063087.html,2019-09-14,15:43,$1400,Belmar,True,None,2,None
New_Jersey,jerseyshore,jerseyshore,apa,6978665325,6173346186,WINTER RENTAL - Beautiful Well Designed Condo - 3 homes from ocean,https://jerseyshore.craigslist.org/apa/d/winter-rental-beautiful-well-designed/6978665325.html,2019-09-14,14:17,$1350,Bay Head / Point Pleasant Beach,True,None,1,None
New_Jersey,jerseyshore,jerseyshore,apa,6978660538,6283973073,WINTER RENTAL - BAY HEAD CONDO! Three homes from ocean,https://jerseyshore.craigslist.org/apa/d/point-pleasant-beach-winter-rental-bay/6978660538.html,2019-09-14,14:11,$1350,Bay Head / Point Pleasant Beach,True,None,1,None
New_Jersey,jerseyshore,jerseyshore,apa,6978652896,None,"Cats? Dogs? We Love Your Pets Too, Bring Them Along To The Pointe!",https://jerseyshore.craigslist.org/apa/d/neptune-cats-dogs-we-love-your-pets-too/6978652896.html,2019-09-14,14:03,$1905,None,True,None,None,None
New_Jersey,jerseyshore,jerseyshore,apa,6958784948,4674551531,"4 bedroom Winter Rental , Manasquan NJ - $975",https://jerseyshore.craigslist.org/apa/d/4-bedroom-winter-rental-manasquan-nj-975/6958784948.html,2019-09-14,13:17,$975,534 Brielle RD,True,None,4,800ft2
New_Jersey,jerseyshore,jerseyshore,apa,6978529551,None,♖ Am@Zing 3 Bedroom 2 Bathroom HoUSE FoR RENt !!,https://jerseyshore.craigslist.org/apa/d/ocean-city-amzing-3-bedroom-2-bathroom/6978529551.html,2019-09-14,13:12,$1566,None,True,None,3,2393ft2
New_Jersey,jerseyshore,jerseyshore,apa,6978602609,None,2 Months free on a 18-24 month Lease Select Units!,https://jerseyshore.craigslist.org/apa/d/matawan-2-months-free-on-month-lease/6978602609.html,2019-09-14,13:08,$2310,Asbury Park,True,None,2,1300ft2
New_Jersey,jerseyshore,jerseyshore,apa,6978575961,None,2 Bed / 2 Bath Condo for Rent,https://jerseyshore.craigslist.org/apa/d/belmar-2-bed-2-bath-condo-for-rent/6978575961.html,2019-09-14,12:38,$2250,Wall,True,None,2,None
New_Jersey,jerseyshore,jerseyshore,apa,6978524618,None,Move In Today!!!!!!!!!! 1 Bedroom Move In Ready!!!!!!!!,https://jerseyshore.craigslist.org/apa/d/orlando-move-in-today-1-bedroom-move-in/6978524618.html,2019-09-14,11:59,$994,"5300 Lake Margaret Dr Orlando, FL",False,None,1,661ft2
New_Jersey,jerseyshore,jerseyshore,apa,6978528841,None,"Great 6 to 7 month rental, Ocean City New Jersey, 3 bedrooms, $1350",https://jerseyshore.craigslist.org/apa/d/ocean-city-great-6-to-7-month-rental/6978528841.html,2019-09-14,11:45,$1350,The Gardens,True,None,3,None
New_Jersey,jerseyshore,jerseyshore,apa,6978445192,None,2 Bedroom Ready for Move In!!!!! $300 Gift Card with Approval,https://jerseyshore.craigslist.org/apa/d/orlando-2-bedroom-ready-for-move-in-300/6978445192.html,2019-09-14,10:09,$1168,"5300 Lake Margaret Dr Orlando, FL",True,None,2,923ft2
New_Jersey,jerseyshore,jerseyshore,apa,6958192690,None,Asbury Park yearly rental - 2 blocks to beach w/ parking,https://jerseyshore.craigslist.org/apa/d/allenhurst-asbury-park-yearly-rental-2/6958192690.html,2019-09-14,10:05,$1575,Asbury Park,True,None,1,None
New_Jersey,jerseyshore,jerseyshore,apa,6978442188,None,Gaga would go GAGA over this HUGE 2 bed/2 bath END UNIT!!!,https://jerseyshore.craigslist.org/apa/d/neptune-gaga-would-go-gaga-over-this/6978442188.html,2019-09-14,09:56,$1905,None,True,None,None,None
New_Jersey,jerseyshore,jerseyshore,apa,6978418023,6802002744,Great Location! Brand New! Call For Details!,https://jerseyshore.craigslist.org/apa/d/toms-river-great-location-brand-new/6978418023.html,2019-09-14,09:22,$2895,None,True,None,3,None
New_Jersey,jerseyshore,jerseyshore,apa,6969873121,6822287437,Great Location! Brand New! Call For Details!,https://jerseyshore.craigslist.org/apa/d/toms-river-great-location-brand-new/6969873121.html,2019-09-14,09:11,$2895,None,True,None,3,None
New_Jersey,jerseyshore,jerseyshore,apa,6978412060,6759751561,Hurry in townhomes are leasing quickly tour our 3 bed 2.5 bath,https://jerseyshore.craigslist.org/apa/d/toms-river-hurry-in-townhomes-are/6978412060.html,2019-09-14,09:03,$2850,None,True,None,3,None
New_Jersey,jerseyshore,jerseyshore,apa,6978390406,None,1 1/2 Blocks to the Beach - yearly rental,https://jerseyshore.craigslist.org/apa/d/bradley-beach-blocks-to-the-beach/6978390406.html,2019-09-14,08:10,$1300,Bradley Beach,True,None,1,None
New_Jersey,jerseyshore,jerseyshore,apa,6978376342,6502185755,Save Up To $2835 On Select Townhomes!,https://jerseyshore.craigslist.org/apa/d/cologne-save-up-to-2835-on-select/6978376342.html,2019-09-14,07:18,$0,Mays Landing,True,None,3,None
New_Jersey,jerseyshore,jerseyshore,apa,6978375583,6502185755,Save Up To $3224 On Select Apartments!,https://jerseyshore.craigslist.org/apa/d/cologne-save-up-to-3224-on-select/6978375583.html,2019-09-14,07:15,$0,Mays Landing,True,None,2,None
New_Jersey,jerseyshore,jerseyshore,apa,6978375359,6502185755,Save Up To $3224 On Select Apartments!,https://jerseyshore.craigslist.org/apa/d/cologne-save-up-to-3224-on-select/6978375359.html,2019-09-14,07:13,$0,Mays Landing,True,None,2,None
New_Jersey,jerseyshore,jerseyshore,apa,6978375274,6502185755,Save Up To $3224 On Select Apartments!,https://jerseyshore.craigslist.org/apa/d/cologne-save-up-to-3224-on-select/6978375274.html,2019-09-14,07:13,$0,Mays Landing,True,None,1,None
New_Jersey,jerseyshore,jerseyshore,apa,6978348312,6973271602,Bedroom in house - 2 blocks from Beach !!,https://jerseyshore.craigslist.org/apa/d/long-branch-bedroom-in-house-2-blocks/6978348312.html,2019-09-14,04:58,$425,Long Branch,False,None,None,None
New_Jersey,jerseyshore,jerseyshore,apa,6978348415,6973271602,Private Garage Space Downtown**,https://jerseyshore.craigslist.org/apa/d/jersey-city-private-garage-space/6978348415.html,2019-09-14,04:57,$500,jersey shore,False,None,None,None
New_Jersey,jerseyshore,jerseyshore,apa,6978348095,6973271602,Furnished Room in Private Home,https://jerseyshore.craigslist.org/apa/d/freehold-furnished-room-in-private-home/6978348095.html,2019-09-14,04:19,$500,Freehold,False,None,None,None
New_Jersey,jerseyshore,jerseyshore,apa,6978350752,None,Furnished  Condo:  Winter Rental,https://jerseyshore.craigslist.org/apa/d/lavallette-furnished-condo-winter-rental/6978350752.html,2019-09-14,03:35,$1200,Lavallette NJ,True,None,2,None
New_Jersey,jerseyshore,jerseyshore,apa,6978257547,None,Asbury Park Vicinity,https://jerseyshore.craigslist.org/apa/d/ocean-grove-asbury-park-vicinity/6978257547.html,2019-09-13,21:21,$1975,Ocean Grove,False,None,2,995ft2
New_Jersey,jerseyshore,jerseyshore,apa,6978158907,None,Winter Rental Spring Lake NJ,https://jerseyshore.craigslist.org/apa/d/spring-lake-winter-rental-spring-lake-nj/6978158907.html,2019-09-13,18:30,$1300,Spring Lake NJ,True,None,None,None
New_Jersey,jerseyshore,jerseyshore,apa,6978122941,None,Don't Miss Out! Save on a Renovated apartment!,https://jerseyshore.craigslist.org/apa/d/denver-dont-miss-out-save-on-renovated/6978122941.html,2019-09-13,17:43,$1500,Denver,True,None,2,1017ft2
New_Jersey,jerseyshore,jerseyshore,apa,6978121277,None,1st Floor Two Bedroom Available NOW!,https://jerseyshore.craigslist.org/apa/d/denver-1st-floor-two-bedroom-available/6978121277.html,2019-09-13,17:41,$1500,Denver,True,None,2,1017ft2
New_Jersey,jerseyshore,jerseyshore,apa,6978120542,None,Newly Renovated! Move In Today!,https://jerseyshore.craigslist.org/apa/d/denver-newly-renovated-move-in-today/6978120542.html,2019-09-13,17:40,$1399,Denver,True,None,2,923ft2
New_Jersey,jerseyshore,jerseyshore,apa,6978119518,None,"Top Floor, Vaulted Ceilings, $1000 off!",https://jerseyshore.craigslist.org/apa/d/denver-top-floor-vaulted-ceilings-1000/6978119518.html,2019-09-13,17:38,$1194,Denver,True,None,1,750ft2
New_Jersey,jerseyshore,jerseyshore,apa,6978118313,None,SAVE $1000 NOW!,https://jerseyshore.craigslist.org/apa/d/denver-save-1000-now/6978118313.html,2019-09-13,17:37,$1240,Denver,True,None,1,670ft2
New_Jersey,jerseyshore,jerseyshore,apa,6978115528,None,"Beaches, Shopping, And More Right Around The Corner!",https://jerseyshore.craigslist.org/apa/d/neptune-beaches-shopping-and-more-right/6978115528.html,2019-09-13,17:33,$2155,None,True,None,None,None
New_Jersey,jerseyshore,jerseyshore,apa,6978114616,None,"Dogs, Cats, Bring Them Both! Pet Friendly Community!",https://jerseyshore.craigslist.org/apa/d/neptune-dogs-cats-bring-them-both-pet/6978114616.html,2019-09-13,17:32,$2000,None,True,None,None,None
New_Jersey,jerseyshore,jerseyshore,apa,6957015792,None,House have you angry? We'll buy it,https://jerseyshore.craigslist.org/apa/d/red-bank-house-have-you-angry-well-buy/6957015792.html,2019-09-13,17:21,$0,Monmouth County,True,None,None,None
New_Jersey,jerseyshore,jerseyshore,apa,6977870272,None,"4 bd3.5 ba3,000 sqft",https://jerseyshore.craigslist.org/apa/d/long-branch-4-bd35-ba3000-sqft/6977870272.html,2019-09-13,14:28,$2000,"6 Greeley Ter, Long Branch, NJ",True,None,None,None
New_Jersey,jerseyshore,jerseyshore,apa,6962372589,None,One Bedroom Apartment For Rent,https://jerseyshore.craigslist.org/apa/d/monmouth-beach-one-bedroom-apartment/6962372589.html,2019-09-13,14:19,$1400,Sea Bright,False,None,1,None
New_Jersey,jerseyshore,jerseyshore,apa,6977935960,None,"Professionally Managed, Some Utilities Included, Pool",https://jerseyshore.craigslist.org/apa/d/spring-lake-professionally-managed-some/6977935960.html,2019-09-13,14:13,$1650,Spring Lake Heights,True,None,1,None
New_Jersey,jerseyshore,jerseyshore,apa,6977925040,None,Looking for A Bigger Place…Try Us On For Size! RARE 2BR/2BATH,https://jerseyshore.craigslist.org/apa/d/neptune-looking-for-bigger-placetry-us/6977925040.html,2019-09-13,14:03,$2000,None,True,None,None,None
New_Jersey,jerseyshore,jerseyshore,apa,6977863902,None,"113 Village Dr, Barnegat",https://jerseyshore.craigslist.org/apa/d/manahawkin-113-village-dr-barnegat/6977863902.html,2019-09-13,13:00,$1600,Barnegat,True,None,3,1244ft2
New_Jersey,jerseyshore,jerseyshore,apa,6977829586,None,OPEN HOUSE SUNDAY 11-4,https://jerseyshore.craigslist.org/apa/d/neptune-open-house-sunday-11-4/6977829586.html,2019-09-13,12:38,$1425,Neptune City,True,None,None,794ft2
New_Jersey,jerseyshore,jerseyshore,apa,6977837338,None,"126 Jefferson Ln, Little Egg Harbor",https://jerseyshore.craigslist.org/apa/d/tuckerton-126-jefferson-ln-little-egg/6977837338.html,2019-09-13,12:33,$1850,Little Egg Harbor,True,None,3,1834ft2
New_Jersey,jerseyshore,jerseyshore,apa,6977834487,None,"924 Railroad Dr, Little Egg Harbor",https://jerseyshore.craigslist.org/apa/d/west-creek-924-railroad-dr-little-egg/6977834487.html,2019-09-13,12:30,$1800,Little egg harbor,True,None,3,1296ft2
New_Jersey,jerseyshore,jerseyshore,apa,6977820504,None,"Perfect Location, Central AC, Classic Architecture",https://jerseyshore.craigslist.org/apa/d/spring-lake-perfect-location-central-ac/6977820504.html,2019-09-13,12:16,$1899,Spring Lake Heights,True,None,1,None
New_Jersey,jerseyshore,jerseyshore,apa,6977813159,None,109 Driftwood Ln 5 Beds 2 Bath,https://jerseyshore.craigslist.org/apa/d/lanoka-harbor-109-driftwood-ln-5-beds-2/6977813159.html,2019-09-13,12:09,$2250,Lanoka Harbor,True,None,5,2012ft2
New_Jersey,jerseyshore,jerseyshore,apa,6977788744,None,"3 bed, 4 bath townhouse for rent immediately",https://jerseyshore.craigslist.org/apa/d/tuckerton-3-bed-4-bath-townhouse-for/6977788744.html,2019-09-13,11:53,$1765,Little egg harbor,True,None,3,None
New_Jersey,jerseyshore,jerseyshore,apa,6977717388,None,Apartment for Rent,https://jerseyshore.craigslist.org/apa/d/seaside-heights-apartment-for-rent/6977717388.html,2019-09-13,11:20,$1500,Seaside Heights NJ,False,None,2,700ft2
New_Jersey,jerseyshore,jerseyshore,apa,6977744116,4879038032,Right Near AC! Come Live At Sunrise Bay!,https://jerseyshore.craigslist.org/apa/d/right-near-ac-come-live-at-sunrise-bay/6977744116.html,2019-09-13,10:55,$0,Galloway,False,None,2,None
New_Jersey,jerseyshore,jerseyshore,apa,6969046405,6152554715,"3+ bedroom, 2.5 bath Bradley Beach house for rent $2950",https://jerseyshore.craigslist.org/apa/d/3-bedroom-25-bath-bradley-beach-house/6969046405.html,2019-09-13,10:51,$2950,"McCabe Ave, Bradley Beach",True,None,3,None
New_Jersey,jerseyshore,jerseyshore,apa,6977687029,None,OPEN HOUSE SUNDAY 11-4,https://jerseyshore.craigslist.org/apa/d/neptune-open-house-sunday-11-4/6977687029.html,2019-09-13,10:03,$1425,Neptune City,True,None,None,794ft2
New_Jersey,jerseyshore,jerseyshore,apa,6977667959,None,"Modern Fixtures, Private Entrance, Brushed Nickel Hardware",https://jerseyshore.craigslist.org/apa/d/spring-lake-modern-fixtures-private/6977667959.html,2019-09-13,09:14,$1650,Spring Lake Heights,True,None,1,None
New_Jersey,jerseyshore,jerseyshore,apa,6977659548,None,PLEASANT LIVING IN COASTAL TOWNSHIP,https://jerseyshore.craigslist.org/apa/d/oakhurst-pleasant-living-in-coastal/6977659548.html,2019-09-13,08:59,$1085,"OCEAN, NJ",True,None,1,None
New_Jersey,jerseyshore,jerseyshore,apa,6977654346,None,Express Your Individuality at The Edge of Matawan!,https://jerseyshore.craigslist.org/apa/d/matawan-express-your-individuality-at/6977654346.html,2019-09-13,08:48,$2010,Atlantic Highlands,True,None,1,1003ft2
New_Jersey,jerseyshore,jerseyshore,apa,6977634811,6502185755,Save Up To $2835 On Select Townhomes!,https://jerseyshore.craigslist.org/apa/d/cologne-save-up-to-2835-on-select/6977634811.html,2019-09-13,08:00,$0,Mays Landing,True,None,3,None
New_Jersey,jerseyshore,jerseyshore,apa,6977630366,None,"Lots of Space, Section 8 taken, Call for Details",https://jerseyshore.craigslist.org/apa/d/ocean-gate-lots-of-space-section-8/6977630366.html,2019-09-13,07:46,$1950,Ocean Gate,True,None,4,None
New_Jersey,jerseyshore,jerseyshore,apa,6977620103,6790637280,Beautiful 2 Bed 2 Bath! Pet Friendly!!,https://jerseyshore.craigslist.org/apa/d/toms-river-beautiful-2-bed-2-bath-pet/6977620103.html,2019-09-13,07:38,$2375,None,True,None,2,None
New_Jersey,jerseyshore,jerseyshore,apa,6957024668,6528932493,1 Bedroom at Gables Apartments,https://jerseyshore.craigslist.org/apa/d/neptune-1-bedroom-at-gables-apartments/6957024668.html,2019-09-13,07:21,$1350,Neptune,True,None,1,800ft2
New_Jersey,jerseyshore,jerseyshore,apa,6977621870,6502185755,Save Up To $3224 On Select Apartments!,https://jerseyshore.craigslist.org/apa/d/cologne-save-up-to-3224-on-select/6977621870.html,2019-09-13,07:11,$0,Mays Landing,True,None,2,None
New_Jersey,jerseyshore,jerseyshore,apa,6977621360,6502185755,Save Up To $3224 On Select Apartments!,https://jerseyshore.craigslist.org/apa/d/cologne-save-up-to-3224-on-select/6977621360.html,2019-09-13,07:09,$0,Mays Landing,True,None,2,None
New_Jersey,jerseyshore,jerseyshore,apa,6977621221,6502185755,Save Up To $3224 On Select Apartments!,https://jerseyshore.craigslist.org/apa/d/cologne-save-up-to-3224-on-select/6977621221.html,2019-09-13,07:08,$0,Mays Landing,True,None,1,None
New_Jersey,jerseyshore,jerseyshore,apa,6977619951,6834937106,Limited availability! Come take a tour! Leasing NOW!,https://jerseyshore.craigslist.org/apa/d/toms-river-limited-availability-come/6977619951.html,2019-09-13,07:02,$2850,None,True,None,3,None
New_Jersey,jerseyshore,jerseyshore,apa,6977609877,None,"DOG FRIENDLY, 1 BEDROOM, WINTER FURNISH RENTAL, VERY SPACIOUS:",https://jerseyshore.craigslist.org/apa/d/ocean-grove-dog-friendly-1-bedroom/6977609877.html,2019-09-13,05:59,$1300,Ocean Grove/Asbury Park NJ Shore,True,None,1,850ft2
New_Jersey,jerseyshore,jerseyshore,apa,6977475599,None,Winter Rental Furnished Sept-May,https://jerseyshore.craigslist.org/apa/d/seaside-heights-winter-rental-furnished/6977475599.html,2019-09-12,20:33,$1200,None,False,None,None,None
New_Jersey,jerseyshore,jerseyshore,apa,6977421929,None,Prime location for shopping and gsp! Come tour now!,https://jerseyshore.craigslist.org/apa/d/neptune-prime-location-for-shopping-and/6977421929.html,2019-09-12,19:01,$2155,None,True,None,None,None
New_Jersey,jerseyshore,jerseyshore,apa,6957481528,None,1 Month Promo! 1 Block from Beach $1725,https://jerseyshore.craigslist.org/apa/d/allenhurst-1-month-promo-1-block-from/6957481528.html,2019-09-12,18:44,$1725,North End,True,None,1,725ft2
New_Jersey,jerseyshore,jerseyshore,apa,6965850097,None,"30 7th St,RENT TO OWN & 2 CAR GARAGE AND FULL BASEMENT.",https://jerseyshore.craigslist.org/apa/d/toms-river-30-7th-strent-to-own-2-car/6965850097.html,2019-09-12,18:32,$1100,"Toms River, NJ",True,None,3,None
New_Jersey,jerseyshore,jerseyshore,apa,6977388884,None,Two bedrooms ready for rent! Come take a look!!,https://jerseyshore.craigslist.org/apa/d/neptune-two-bedrooms-ready-for-rent/6977388884.html,2019-09-12,18:13,$2000,None,True,None,None,None
New_Jersey,jerseyshore,jerseyshore,apa,6977387940,None,Were a pet friendly apartment complex! Breed and weight restr. Call!!!,https://jerseyshore.craigslist.org/apa/d/neptune-were-pet-friendly-apartment/6977387940.html,2019-09-12,18:11,$1905,None,True,None,None,None
New_Jersey,jerseyshore,jerseyshore,apa,6977334194,5762355568,Fall in Love  - 1 BR with Reno Kitchen and Bath,https://jerseyshore.craigslist.org/apa/d/trenton-fall-in-love-1-br-with-reno/6977334194.html,2019-09-12,17:11,$1450,"Hamilton, Robbinsville, Ewing, NJ",True,None,1,653ft2
New_Jersey,jerseyshore,jerseyshore,apa,6977311841,None,OPEN HOUSE SUNDAY 11-4,https://jerseyshore.craigslist.org/apa/d/neptune-open-house-sunday-11-4/6977311841.html,2019-09-12,16:43,$1425,Neptune City,True,None,None,794ft2
New_Jersey,jerseyshore,jerseyshore,apa,6977261170,3156730949,3BR/2BA Winter Rental in Belmar/Lake Como,https://jerseyshore.craigslist.org/apa/d/3br-2ba-winter-rental-in-belmar-lake/6977261170.html,2019-09-12,15:35,$1795,lake como,True,None,3,None
New_Jersey,jerseyshore,jerseyshore,apa,6977192514,None,"Schedule a Tour, Stainless Steel Appliances, Storage",https://jerseyshore.craigslist.org/apa/d/spring-lake-schedule-tour-stainless/6977192514.html,2019-09-12,14:20,$1650,Spring Lake Heights,True,None,1,None
New_Jersey,jerseyshore,jerseyshore,apa,6977122261,None,"Plenty of Space, Call to See Section 8 taken",https://jerseyshore.craigslist.org/apa/d/ocean-gate-plenty-of-space-call-to-see/6977122261.html,2019-09-12,13:06,$1950,Ocean Gate,True,None,4,None
New_Jersey,jerseyshore,jerseyshore,apa,6956673166,None,Excellent 3 bdrm `home in a peaceful residential area-For ɌEŊT,https://jerseyshore.craigslist.org/apa/d/atlantic-city-excellent-3-bdrm-home-in/6956673166.html,2019-09-12,12:39,$500,neptune,True,None,2,760ft2
New_Jersey,jerseyshore,jerseyshore,apa,6977083668,None,"Contemporary Design, Hardwood Floors, Brushed Nickel Hardware",https://jerseyshore.craigslist.org/apa/d/spring-lake-contemporary-design/6977083668.html,2019-09-12,12:27,$1899,Spring Lake Heights,True,None,1,None
New_Jersey,jerseyshore,jerseyshore,apa,6972155618,None,Long Branch Apartment For Rent 3 BED/1 BATH,https://jerseyshore.craigslist.org/apa/d/long-branch-long-branch-apartment-for/6972155618.html,2019-09-12,12:21,$2100,LONG BRANCH,False,None,3,None
New_Jersey,jerseyshore,jerseyshore,apa,6977034399,None,Welcome To Your New Home!,https://jerseyshore.craigslist.org/apa/d/neptune-welcome-to-your-new-home/6977034399.html,2019-09-12,11:58,$1425,Neptune City,True,None,None,794ft2
New_Jersey,jerseyshore,jerseyshore,apa,6977045589,None,"Harvard Street Piscataway, NJ",https://jerseyshore.craigslist.org/apa/d/plainfield-harvard-street-piscataway-nj/6977045589.html,2019-09-12,11:47,$2300,None,True,None,3,None
New_Jersey,jerseyshore,jerseyshore,apa,6976980942,None,Large 3 Bedroom,https://jerseyshore.craigslist.org/apa/d/neptune-large-3-bedroom/6976980942.html,2019-09-12,10:35,$1600,Neptune,False,None,3,1100ft2
New_Jersey,jerseyshore,jerseyshore,apa,6976979564,None,Office Space Available,https://jerseyshore.craigslist.org/apa/d/elmwood-park-office-space-available/6976979564.html,2019-09-12,10:34,$1200,"Elmwood Park, NJ",True,None,None,None
New_Jersey,jerseyshore,jerseyshore,apa,6976963520,None,2 Bedroom Luxury Fully Furnished Apartment!,https://jerseyshore.craigslist.org/apa/d/matawan-2-bedroom-luxury-fully/6976963520.html,2019-09-12,10:13,$5845,Long Branch,True,None,2,1301ft2
New_Jersey,jerseyshore,jerseyshore,apa,6976927248,None,"Modern Appliances, Pool, Central AC",https://jerseyshore.craigslist.org/apa/d/spring-lake-modern-appliances-pool/6976927248.html,2019-09-12,09:20,$1650,Spring Lake Heights,True,None,1,None
New_Jersey,jerseyshore,jerseyshore,apa,6976910066,None,PLEASANT LIVING IN COASTAL TOWNSHIP,https://jerseyshore.craigslist.org/apa/d/oakhurst-pleasant-living-in-coastal/6976910066.html,2019-09-12,08:52,$1085,"OCEAN, NJ",True,None,1,None
New_Jersey,jerseyshore,jerseyshore,apa,6976886074,6800308001,Come home and experience the Gabrielle Run Lifestyle!,https://jerseyshore.craigslist.org/apa/d/toms-river-come-home-and-experience-the/6976886074.html,2019-09-12,08:04,$2850,None,True,None,3,None
New_Jersey,jerseyshore,jerseyshore,apa,6976889384,6502185755,Save Up To $2835 On Select Townhomes!,https://jerseyshore.craigslist.org/apa/d/cologne-save-up-to-2835-on-select/6976889384.html,2019-09-12,07:54,$0,Mays Landing,True,None,3,None
New_Jersey,jerseyshore,jerseyshore,apa,6976889277,6502191055,Save Up To $2835 On Select Townhomes!,https://jerseyshore.craigslist.org/apa/d/cologne-save-up-to-2835-on-select/6976889277.html,2019-09-12,07:54,$0,Mays Landing,True,None,3,None
New_Jersey,jerseyshore,jerseyshore,apa,6976886686,6502185755,Save Up To $3224 On Select Apartments!,https://jerseyshore.craigslist.org/apa/d/cologne-save-up-to-3224-on-select/6976886686.html,2019-09-12,07:45,$0,Mays Landing,True,None,2,None
New_Jersey,jerseyshore,jerseyshore,apa,6976886332,6789983318,Experience the Gabrielle Run Lifestyle!,https://jerseyshore.craigslist.org/apa/d/toms-river-experience-the-gabrielle-run/6976886332.html,2019-09-12,07:43,$2895,None,True,None,3,None
New_Jersey,jerseyshore,jerseyshore,apa,6976885917,6802826351,Hurry in apartments are leasing quickly!,https://jerseyshore.craigslist.org/apa/d/toms-river-hurry-in-apartments-are/6976885917.html,2019-09-12,07:42,$2375,None,True,None,2,None
New_Jersey,jerseyshore,jerseyshore,apa,6968531539,None,WELCOME HOME! Completely renovated 3 Bedroom 2 Bath Ranch,https://jerseyshore.craigslist.org/apa/d/lanoka-harbor-welcome-home-completely/6968531539.html,2019-09-11,21:29,$1000,"Forked River, NJ",True,None,3,1652ft2
New_Jersey,jerseyshore,jerseyshore,apa,6968531230,None,WELCOME HOME! Completely renovated 3 Bedroom 2 Bath Ranch,https://jerseyshore.craigslist.org/apa/d/lanoka-harbor-welcome-home-completely/6968531230.html,2019-09-11,21:28,$1000,"Forked River, NJ",True,None,3,1652ft2
New_Jersey,jerseyshore,jerseyshore,apa,6976744800,None,Asbury Park 2 Bedroom,https://jerseyshore.craigslist.org/apa/d/asbury-park-asbury-park-2-bedroom/6976744800.html,2019-09-11,20:48,$1600,7th Avenue,True,None,2,1300ft2
New_Jersey,jerseyshore,jerseyshore,apa,6976629378,None,rental in senior community,https://jerseyshore.craigslist.org/apa/d/toms-river-rental-in-senior-community/6976629378.html,2019-09-11,19:16,$1400,Toms river,True,None,2,1000ft2
New_Jersey,jerseyshore,jerseyshore,apa,6976655155,None,Apartment for Rent,https://jerseyshore.craigslist.org/apa/d/keansburg-apartment-for-rent/6976655155.html,2019-09-11,18:18,$2300,Keansburg New Jersey,True,None,3,None
New_Jersey,jerseyshore,jerseyshore,apa,6976550023,None,OPEN HOUSE SUNDAY 11-4,https://jerseyshore.craigslist.org/apa/d/neptune-open-house-sunday-11-4/6976550023.html,2019-09-11,17:44,$1425,Neptune City,True,None,None,794ft2
New_Jersey,jerseyshore,jerseyshore,apa,6976623296,None,"GREAT location! Near both North and South GSP, beaches, outlets!",https://jerseyshore.craigslist.org/apa/d/neptune-great-location-near-both-north/6976623296.html,2019-09-11,17:36,$1905,None,True,None,None,None
New_Jersey,jerseyshore,jerseyshore,apa,6976620321,None,2 Bed 2 Bath Luxury Garden Apartments at The Pointe!,https://jerseyshore.craigslist.org/apa/d/neptune-2-bed-2-bath-luxury-garden/6976620321.html,2019-09-11,17:33,$2000,None,True,None,None,None
New_Jersey,jerseyshore,jerseyshore,apa,6976609586,None,Freshly Updated Home in Fantastic Area,https://jerseyshore.craigslist.org/apa/d/morganville-freshly-updated-home-in/6976609586.html,2019-09-11,17:19,$2275,Morganville,True,None,3,None
New_Jersey,jerseyshore,jerseyshore,apa,6976605303,None,Beautiful Townhome in Excellent School District,https://jerseyshore.craigslist.org/apa/d/morganville-beautiful-townhome-in/6976605303.html,2019-09-11,17:15,$2175,Morganville,True,None,3,None
New_Jersey,jerseyshore,jerseyshore,apa,6955395737,6851998850,"OCEAN FRONT!! Renovated beach house for rent, 3 beds/1 bath",https://jerseyshore.craigslist.org/apa/d/lavallette-ocean-front-renovated-beach/6955395737.html,2019-09-11,16:36,$2900,"Lavallette , Jersey Shore",True,None,3,930ft2
New_Jersey,jerseyshore,jerseyshore,apa,6976529911,6521975614,Save Up To $2835 On Select Townhomes!,https://jerseyshore.craigslist.org/apa/d/cologne-save-up-to-2835-on-select/6976529911.html,2019-09-11,15:45,$0,Mays Landing,True,None,3,None
New_Jersey,jerseyshore,jerseyshore,apa,6976524840,6521947224,Save Up To $2835 On Select Townhomes!,https://jerseyshore.craigslist.org/apa/d/cologne-save-up-to-2835-on-select/6976524840.html,2019-09-11,15:39,$0,Mays Landing,True,None,3,None
New_Jersey,jerseyshore,jerseyshore,apa,6976524022,6521997894,Save Up To $3224 On Select Apartments!,https://jerseyshore.craigslist.org/apa/d/cologne-save-up-to-3224-on-select/6976524022.html,2019-09-11,15:38,$0,None,True,None,2,None
New_Jersey,jerseyshore,jerseyshore,apa,6976438717,None,Single Family Detached,https://jerseyshore.craigslist.org/apa/d/tuckerton-single-family-detached/6976438717.html,2019-09-11,15:11,$1200,"jersey shore, NJ",True,None,None,None
New_Jersey,jerseyshore,jerseyshore,apa,6976486728,None,"2 BR WINTER RENTAL $1,500",https://jerseyshore.craigslist.org/apa/d/deal-2-br-winter-rental-1500/6976486728.html,2019-09-11,14:57,$1500,DEAL,False,None,2,1400ft2
New_Jersey,jerseyshore,jerseyshore,apa,6976479658,None,"4 BR $2,300",https://jerseyshore.craigslist.org/apa/d/ocean-grove-4-br-2300/6976479658.html,2019-09-11,14:49,$2300,ASBURY PARK,False,None,None,1300ft2
New_Jersey,jerseyshore,jerseyshore,apa,6976459295,None,28 Citadel Dr,https://jerseyshore.craigslist.org/apa/d/howell-28-citadel-dr/6976459295.html,2019-09-11,14:29,$2650,Jackson,False,None,4,1828ft2
New_Jersey,jerseyshore,jerseyshore,apa,6976457977,None,"Modern Fixtures, Upgraded Kitchen, Laundry Room",https://jerseyshore.craigslist.org/apa/d/spring-lake-modern-fixtures-upgraded/6976457977.html,2019-09-11,14:28,$1650,Spring Lake Heights,True,None,1,None
New_Jersey,jerseyshore,jerseyshore,apa,6976455453,None,"5 BR $2,500",https://jerseyshore.craigslist.org/apa/d/allenhurst-5-br-2500/6976455453.html,2019-09-11,14:28,$2500,Asbury Park,False,None,5,1500ft2
New_Jersey,jerseyshore,jerseyshore,apa,6976451092,None,"4 BR $2,300",https://jerseyshore.craigslist.org/apa/d/oakhurst-4-br-2300/6976451092.html,2019-09-11,14:20,$2300,Deal,False,None,4,None
New_Jersey,jerseyshore,jerseyshore,apa,6976447468,None,"3 BR $2,000",https://jerseyshore.craigslist.org/apa/d/asbury-park-3-br-2000/6976447468.html,2019-09-11,14:17,$2000,ASBURY PARK,False,None,3,None
New_Jersey,jerseyshore,jerseyshore,apa,6976436559,None,"2 BR $1,800 YEAR ROUND",https://jerseyshore.craigslist.org/apa/d/deal-2-br-1800-year-round/6976436559.html,2019-09-11,14:05,$1800,DEAL,False,None,2,1400ft2
New_Jersey,jerseyshore,jerseyshore,apa,6976433994,None,Wag that tail! We are pet friendly! Come take a look! Call for details,https://jerseyshore.craigslist.org/apa/d/neptune-wag-that-tail-we-are-pet/6976433994.html,2019-09-11,14:03,$2155,None,True,None,None,None
New_Jersey,jerseyshore,jerseyshore,apa,6976427335,None,2 BedroomApartment for rent,https://jerseyshore.craigslist.org/apa/d/long-branch-2-bedroomapartment-for-rent/6976427335.html,2019-09-11,13:56,$1850,Long Branch,True,None,None,None
New_Jersey,jerseyshore,jerseyshore,apa,6976406242,None,Waterfront 2 1/2 bth Single Family Home Rental,https://jerseyshore.craigslist.org/apa/d/manahawkin-waterfront-bth-single-family/6976406242.html,2019-09-11,13:34,$2000,Manahawkin,False,None,5,None
New_Jersey,jerseyshore,jerseyshore,apa,6976385372,None,311 Cayuga Trail,https://jerseyshore.craigslist.org/apa/d/browns-mills-311-cayuga-trail/6976385372.html,2019-09-11,13:13,$1700,Browns Mill,True,None,4,2068ft2
New_Jersey,jerseyshore,jerseyshore,apa,6976362253,None,"Contemporary Finishes, Multiple Closets, Central AC",https://jerseyshore.craigslist.org/apa/d/spring-lake-contemporary-finishes/6976362253.html,2019-09-11,12:49,$1899,Spring Lake Heights,True,None,1,None
New_Jersey,jerseyshore,jerseyshore,apa,6976316287,None,Welcome to this beautiful Colonial situated in the desirable Rivercres,https://jerseyshore.craigslist.org/apa/d/toms-river-welcome-to-this-beautiful/6976316287.html,2019-09-11,12:12,$1200,"Toms River, NJ",True,None,3,1794ft2
New_Jersey,jerseyshore,jerseyshore,apa,6976316038,None,Welcome to this beautiful Colonial situated in the desirable Rivercres,https://jerseyshore.craigslist.org/apa/d/toms-river-welcome-to-this-beautiful/6976316038.html,2019-09-11,12:06,$1200,"Toms River, NJ",True,None,3,1794ft2
New_Jersey,jerseyshore,jerseyshore,apa,6976239477,None,Welcome To Your New Home!,https://jerseyshore.craigslist.org/apa/d/neptune-welcome-to-your-new-home/6976239477.html,2019-09-11,11:03,$1425,Neptune City,True,None,None,794ft2
New_Jersey,jerseyshore,jerseyshore,apa,6955670127,4802095080,Loft Tuckerton NJ,https://jerseyshore.craigslist.org/apa/d/tuckerton-loft-tuckerton-nj/6955670127.html,2019-09-11,10:35,$1675,Tuckerton,True,None,2,1667ft2
New_Jersey,jerseyshore,jerseyshore,apa,6976203316,4879038032,Right Near AC! Come Live At Sunrise Bay!,https://jerseyshore.craigslist.org/apa/d/right-near-ac-come-live-at-sunrise-bay/6976203316.html,2019-09-11,09:51,$0,Galloway,False,None,2,None
New_Jersey,jerseyshore,jerseyshore,apa,6976188106,None,Winter rental,https://jerseyshore.craigslist.org/apa/d/seaside-heights-winter-rental/6976188106.html,2019-09-11,09:29,$1100,Seaside park,True,None,2,None
New_Jersey,jerseyshore,jerseyshore,apa,6976184696,None,Lovely 1 Bedroom Apartment... Waiting for You to Make it Home!,https://jerseyshore.craigslist.org/apa/d/matawan-lovely-1-bedroom-apartment/6976184696.html,2019-09-11,09:24,$1970,Atlantic Highlands,True,None,1,962ft2
New_Jersey,jerseyshore,jerseyshore,apa,6976175976,None,PLEASANT LIVING CONDITION IN COASTAL TOWNSHIP,https://jerseyshore.craigslist.org/apa/d/oakhurst-pleasant-living-condition-in/6976175976.html,2019-09-11,09:17,$1085,"OCEAN, NJ",True,None,1,None
New_Jersey,jerseyshore,jerseyshore,apa,6976178965,None,"Leasing Now, Storage, Hardwood Floors",https://jerseyshore.craigslist.org/apa/d/spring-lake-leasing-now-storage/6976178965.html,2019-09-11,09:15,$1599,Spring Lake Heights,True,None,1,None
New_Jersey,jerseyshore,jerseyshore,apa,6976177389,None,GREAT LOCATION! HUGE APARTMENTS!,https://jerseyshore.craigslist.org/apa/d/tuckerton-great-location-huge-apartments/6976177389.html,2019-09-11,09:12,$1200,"Jersey shore,NJ",True,None,2,None
New_Jersey,jerseyshore,jerseyshore,apa,6976172200,None,Winter rental,https://jerseyshore.craigslist.org/apa/d/manasquan-winter-rental/6976172200.html,2019-09-11,09:04,$1850,Manasquan beachfront,True,None,4,None
New_Jersey,jerseyshore,jerseyshore,apa,6955766893,4677782685,winter rental lg 3 bdrm house/wraparound porch/ 3 blocks to beach,https://jerseyshore.craigslist.org/apa/d/bradley-beach-winter-rental-lg-3-bdrm/6955766893.html,2019-09-11,08:31,$1695,Bradley Beach,True,None,3,2255ft2
New_Jersey,jerseyshore,jerseyshore,apa,6976153848,None,WINTER RENTAL,https://jerseyshore.craigslist.org/apa/d/belmar-winter-rental/6976153848.html,2019-09-11,08:22,$1000,Lake Como,True,None,1,None
New_Jersey,jerseyshore,jerseyshore,apa,6976146129,6793267316,Large 3 Bedrooms 2.5 Bath in a Pet Friendly Community!,https://jerseyshore.craigslist.org/apa/d/toms-river-large-3-bedrooms-25-bath-in/6976146129.html,2019-09-11,08:15,$2895,None,True,None,3,None
New_Jersey,jerseyshore,jerseyshore,apa,6976144943,6789118894,2 BR 2 Bath Available!,https://jerseyshore.craigslist.org/apa/d/toms-river-2-br-2-bath-available/6976144943.html,2019-09-11,08:04,$2375,None,True,None,2,None
New_Jersey,jerseyshore,jerseyshore,apa,6976145567,6832519439,Leasing now! Limited availability! Call to inquire!,https://jerseyshore.craigslist.org/apa/d/toms-river-leasing-now-limited/6976145567.html,2019-09-11,07:59,$2850,None,True,None,3,None
New_Jersey,jerseyshore,jerseyshore,apa,6976144782,None,WINTER RENTAL,https://jerseyshore.craigslist.org/apa/d/belmar-winter-rental/6976144782.html,2019-09-11,07:56,$1200,Lake Como,True,None,2,None
New_Jersey,jerseyshore,jerseyshore,apa,6976134731,None,Annual Rental 1 1/2 Blocks to the Beach,https://jerseyshore.craigslist.org/apa/d/bradley-beach-annual-rental-blocks-to/6976134731.html,2019-09-11,07:17,$1300,Bradley Beach,True,None,1,None
New_Jersey,jerseyshore,jerseyshore,apa,6976067785,None,"16 HOLLY ST, Jersey City, NJ",https://jerseyshore.craigslist.org/apa/d/jersey-city-16-holly-st-jersey-city-nj/6976067785.html,2019-09-11,00:42,$2000,None,True,None,2,None
New_Jersey,jerseyshore,jerseyshore,apa,6959609714,6816187475,For rent 1 bedroom apartmen,https://jerseyshore.craigslist.org/apa/d/old-bridge-for-rent-1-bedroom-apartmen/6959609714.html,2019-09-10,22:08,$1195,Old Bridge,False,None,1,450ft2
New_Jersey,jerseyshore,jerseyshore,apa,6960423649,5743941986,"3BR, 2 BA, Ocean block/view, Steps to beach/shopping, TV/WIFI",https://jerseyshore.craigslist.org/apa/d/ocean-grove-3br-2-ba-ocean-block-view/6960423649.html,2019-09-10,22:07,$1700,Ocean Grove,True,None,3,1250ft2
New_Jersey,jerseyshore,jerseyshore,apa,6955241336,5775968471,2 BED 2BED HOME OVER 55 COMMUNITY,https://jerseyshore.craigslist.org/apa/d/2-bed-2bed-home-over-55-community/6955241336.html,2019-09-10,20:51,$1295,TUCKERTON,True,None,2,1100ft2
New_Jersey,jerseyshore,jerseyshore,apa,6975979757,None,Great Ocean Front Home for Rent,https://jerseyshore.craigslist.org/apa/d/brielle-great-ocean-front-home-for-rent/6975979757.html,2019-09-10,20:19,$1500,Manasquan Beachfront,True,None,4,3500ft2
New_Jersey,jerseyshore,jerseyshore,apa,6975826682,None,OPEN HOUSE SUNDAY 11-4,https://jerseyshore.craigslist.org/apa/d/neptune-open-house-sunday-11-4/6975826682.html,2019-09-10,16:54,$1425,Neptune City,True,None,None,794ft2
New_Jersey,jerseyshore,jerseyshore,apa,6967487962,None,Beach house rooms for rent daily,https://jerseyshore.craigslist.org/apa/d/ocean-grove-beach-house-rooms-for-rent/6967487962.html,2019-09-10,16:21,$80,None,True,None,None,None
New_Jersey,jerseyshore,jerseyshore,apa,6975784436,None,live close to beaches and shopping and parkway! Dont wait to apply!!,https://jerseyshore.craigslist.org/apa/d/neptune-live-close-to-beaches-and/6975784436.html,2019-09-10,15:56,$1875,None,True,None,None,None
New_Jersey,jerseyshore,jerseyshore,apa,6975731607,None,HOUSING FOR RENT,https://jerseyshore.craigslist.org/apa/d/newtonville-housing-for-rent/6975731607.html,2019-09-10,14:57,$1000,Williamstown,True,None,3,800ft2
New_Jersey,jerseyshore,jerseyshore,apa,6975691612,None,"Modern Appliances, Private Entrance, Picnic Area",https://jerseyshore.craigslist.org/apa/d/spring-lake-modern-appliances-private/6975691612.html,2019-09-10,14:14,$1650,Spring Lake Heights,True,None,1,None
New_Jersey,jerseyshore,jerseyshore,apa,6975691474,None,immediate move in ready and pet friendly! Come tour!!,https://jerseyshore.craigslist.org/apa/d/neptune-immediate-move-in-ready-and-pet/6975691474.html,2019-09-10,14:14,$2000,None,True,None,None,None
New_Jersey,jerseyshore,jerseyshore,apa,6957375067,None,Short Term Winter Rental - Oct thru April,https://jerseyshore.craigslist.org/apa/d/sea-girt-short-term-winter-rental-oct/6957375067.html,2019-09-10,14:08,$1500,Manasquan,True,None,3,None
New_Jersey,jerseyshore,jerseyshore,apa,6957378441,None,Short Term Winter Rental - Oct thru April - OPEN HOUSE 9/9,https://jerseyshore.craigslist.org/apa/d/sea-girt-short-term-winter-rental-oct/6957378441.html,2019-09-10,14:07,$900,Manasquan,True,None,1,None
New_Jersey,jerseyshore,jerseyshore,apa,6975673973,None,"2 Bedroom, 1 Bath Apartment for rent",https://jerseyshore.craigslist.org/apa/d/beachwood-2-bedroom-1-bath-apartment/6975673973.html,2019-09-10,13:56,$1000,beachwood,True,None,2,None
New_Jersey,jerseyshore,jerseyshore,apa,6975659262,None,Fully Furnished Beautiful Winter Rental,https://jerseyshore.craigslist.org/apa/d/red-bank-fully-furnished-beautiful/6975659262.html,2019-09-10,13:41,$2300,Red Bank,True,None,1,700ft2
New_Jersey,jerseyshore,jerseyshore,apa,6975658514,None,Not many two bedrooms left! Hurry in!!,https://jerseyshore.craigslist.org/apa/d/neptune-not-many-two-bedrooms-left/6975658514.html,2019-09-10,13:40,$1905,None,True,None,None,None
New_Jersey,jerseyshore,jerseyshore,apa,6954411747,5409780277,PRIVATE OWNER CURRENTLY 2-6 BEDROOMS AVAIL IN NORTHUMBERLAND COUNTY,https://jerseyshore.craigslist.org/apa/d/private-owner-currently-2-6-bedrooms/6954411747.html,2019-09-10,13:39,$595,PETS OK-GARAGE-LRG YARD-FREE RENT!,True,None,6,None
New_Jersey,jerseyshore,jerseyshore,apa,6975655136,None,5 Esplanade Way,https://jerseyshore.craigslist.org/apa/d/ocean-gate-5-esplanade-way/6975655136.html,2019-09-10,13:37,$1800,Bayville,True,None,3,None
New_Jersey,jerseyshore,jerseyshore,apa,6964299558,None,Furnished Winter Rental,https://jerseyshore.craigslist.org/apa/d/avon-by-the-sea-furnished-winter-rental/6964299558.html,2019-09-10,13:32,$1500,Belmar,True,None,2,None
New_Jersey,jerseyshore,jerseyshore,apa,6975570273,None,Welcome To Your New Home!,https://jerseyshore.craigslist.org/apa/d/neptune-welcome-to-your-new-home/6975570273.html,2019-09-10,12:33,$1425,Neptune City,True,None,None,794ft2
New_Jersey,jerseyshore,jerseyshore,apa,6975584023,None,"Convenient Location, Some Utilities Included, Hardwood Floors",https://jerseyshore.craigslist.org/apa/d/spring-lake-convenient-location-some/6975584023.html,2019-09-10,12:22,$1899,Spring Lake Heights,True,None,1,None
New_Jersey,jerseyshore,jerseyshore,apa,6975569919,None,One Of A Kind Rental! Don't Miss this opportunity!!!,https://jerseyshore.craigslist.org/apa/d/toms-river-one-of-kind-rental-dont-miss/6975569919.html,2019-09-10,12:08,$2600,Toms River/North Dover,True,None,3,1968ft2
New_Jersey,jerseyshore,jerseyshore,apa,6975482195,None,503 Barnegat Ave,https://jerseyshore.craigslist.org/apa/d/island-heights-503-barnegat-ave/6975482195.html,2019-09-10,10:30,$2000,Toms River,True,None,4,1672ft2
New_Jersey,jerseyshore,jerseyshore,apa,6975479752,None,33 Korman Rd - Apt A7,https://jerseyshore.craigslist.org/apa/d/ocean-gate-33-korman-rd-apt-a7/6975479752.html,2019-09-10,10:27,$1050,Bayville,True,None,1,806ft2
New_Jersey,jerseyshore,jerseyshore,apa,6975477239,None,33 Korman Road Apt A11,https://jerseyshore.craigslist.org/apa/d/ocean-gate-33-korman-road-apt-a11/6975477239.html,2019-09-10,10:24,$1300,Bayville,True,None,2,992ft2
New_Jersey,jerseyshore,jerseyshore,apa,6975449891,4879038032,Come Live at Sunrise Bay! Super Convenient Location!,https://jerseyshore.craigslist.org/apa/d/come-live-at-sunrise-bay-super/6975449891.html,2019-09-10,09:48,$0,Galloway,False,None,2,None
New_Jersey,jerseyshore,jerseyshore,apa,6975435196,None,"Lease Today, Laundry Room, Multiple Closets",https://jerseyshore.craigslist.org/apa/d/spring-lake-lease-today-laundry-room/6975435196.html,2019-09-10,09:28,$1650,Spring Lake Heights,True,None,1,None
New_Jersey,jerseyshore,jerseyshore,apa,6975425827,None,PLEASANT LIVING IN BEAUTIFUL COASTAL TOWN,https://jerseyshore.craigslist.org/apa/d/oakhurst-pleasant-living-in-beautiful/6975425827.html,2019-09-10,09:22,$1085,"OCEAN, NJ",True,None,1,None
New_Jersey,jerseyshore,jerseyshore,apa,6972554473,5229843949,LBI/ Ship Bottom Winter Rental Available,https://jerseyshore.craigslist.org/apa/d/lbi-ship-bottom-winter-rental-available/6972554473.html,2019-09-10,09:06,$1,Ship Bottom,True,None,None,None
New_Jersey,jerseyshore,jerseyshore,apa,6960266829,5216633972,Winter Rental - Live A Block Away From The Jersey Shore!,https://jerseyshore.craigslist.org/apa/d/winter-rental-live-block-away-from-the/6960266829.html,2019-09-10,09:02,$325,"Ocean Grove, NJ",True,None,2,None
New_Jersey,jerseyshore,jerseyshore,apa,6960280931,4825185638,Live A Block Away From The Ocean!!,https://jerseyshore.craigslist.org/apa/d/live-block-away-from-the-ocean/6960280931.html,2019-09-10,09:02,$225,Ocean Grove,True,None,1,None
New_Jersey,jerseyshore,jerseyshore,apa,6960316871,5216633972,Winter Rental - Live A Block Away From The Jersey Shore!,https://jerseyshore.craigslist.org/apa/d/winter-rental-live-block-away-from-the/6960316871.html,2019-09-10,09:02,$325,"Ocean Grove, NJ",True,None,1,None
New_Jersey,jerseyshore,jerseyshore,apa,6964400061,None,House Rental,https://jerseyshore.craigslist.org/apa/d/tuckerton-house-rental/6964400061.html,2019-09-10,08:33,$1450,Mystic Island-Little Egg Harbor,True,None,3,1100ft2
New_Jersey,jerseyshore,jerseyshore,apa,6975398292,None,Your luxury apartment awaits! 1bed/1bath with gym!,https://jerseyshore.craigslist.org/apa/d/matawan-your-luxury-apartment-awaits/6975398292.html,2019-09-10,08:16,$1970,Atlantic Highlands,True,None,1,962ft2
New_Jersey,jerseyshore,jerseyshore,apa,6975386752,6800129757,"Location, Community, Quality Living! It starts here!",https://jerseyshore.craigslist.org/apa/d/toms-river-location-community-quality/6975386752.html,2019-09-10,08:08,$2850,None,True,None,3,None
New_Jersey,jerseyshore,jerseyshore,apa,6975393546,6521947224,Save Up To $3224 On Select Apartments!,https://jerseyshore.craigslist.org/apa/d/cologne-save-up-to-3224-on-select/6975393546.html,2019-09-10,08:02,$0,Mays Landing,True,None,1,None
New_Jersey,jerseyshore,jerseyshore,apa,6975388270,6785828342,"Everything you need, all right here!",https://jerseyshore.craigslist.org/apa/d/toms-river-everything-you-need-all/6975388270.html,2019-09-10,07:56,$3295,None,True,None,3,None
New_Jersey,jerseyshore,jerseyshore,apa,6975390193,6521975614,Save Up To $3224 On Select Apartments!,https://jerseyshore.craigslist.org/apa/d/cologne-save-up-to-3224-on-select/6975390193.html,2019-09-10,07:51,$0,Mays Landing,True,None,2,None
New_Jersey,jerseyshore,jerseyshore,apa,6975390063,6521947224,Save Up To $3224 On Select Apartments!,https://jerseyshore.craigslist.org/apa/d/cologne-save-up-to-3224-on-select/6975390063.html,2019-09-10,07:50,$0,Mays Landing,True,None,1,None
New_Jersey,jerseyshore,jerseyshore,apa,6975386992,6795841153,Brand New Luxury Community! Close to Everything!,https://jerseyshore.craigslist.org/apa/d/toms-river-brand-new-luxury-community/6975386992.html,2019-09-10,07:45,$2895,None,True,None,3,None
New_Jersey,jerseyshore,jerseyshore,apa,6966864466,6954984688,"Modern Micro Studio, Full Kitchen",https://jerseyshore.craigslist.org/apa/d/seattle-modern-micro-studio-full-kitchen/6966864466.html,2019-09-10,02:43,$1360,Capitol Hill,True,None,None,255ft2
New_Jersey,jerseyshore,jerseyshore,apa,6975288162,6352448287,"1 bedroom Furnished condo, WINTER RENTAL",https://jerseyshore.craigslist.org/apa/d/1-bedroom-furnished-condo-winter-rental/6975288162.html,2019-09-09,22:33,$3000,Ocean City NJ,False,None,1,287ft2
New_Jersey,jerseyshore,jerseyshore,apa,6954251166,None,Lavalette NJ Furnished  Condo:  Winter Rental,https://jerseyshore.craigslist.org/apa/d/lavallette-lavalette-nj-furnished-condo/6954251166.html,2019-09-09,20:37,$1200,Lavallette NJ,True,None,2,None
New_Jersey,jerseyshore,jerseyshore,apa,6975222651,6938886492,2 bedroom Apartment,https://jerseyshore.craigslist.org/apa/d/brick-2-bedroom-apartment/6975222651.html,2019-09-09,20:19,$1100,Brick Nj,True,None,2,None
New_Jersey,jerseyshore,jerseyshore,apa,6975164840,None,Fall In Love With Sienna at Cherry Creek,https://jerseyshore.craigslist.org/apa/d/denver-fall-in-love-with-sienna-at/6975164840.html,2019-09-09,18:49,$1520,Denver,True,None,2,1017ft2
New_Jersey,jerseyshore,jerseyshore,apa,6975163774,None,Change your scenery!,https://jerseyshore.craigslist.org/apa/d/denver-change-your-scenery/6975163774.html,2019-09-09,18:48,$1399,Denver,True,None,2,923ft2
New_Jersey,jerseyshore,jerseyshore,apa,6975162759,None,Beautiful Spacious 2br 2ba unit W/ Balcony!,https://jerseyshore.craigslist.org/apa/d/denver-beautiful-spacious-2br-2ba-unit/6975162759.html,2019-09-09,18:46,$1224,Denver,True,None,1,750ft2
New_Jersey,jerseyshore,jerseyshore,apa,6975161548,None,$500 off this amazing 1 bedroom!,https://jerseyshore.craigslist.org/apa/d/denver-500-off-this-amazing-1-bedroom/6975161548.html,2019-09-09,18:44,$1150,Denver,True,None,1,670ft2
New_Jersey,jerseyshore,jerseyshore,apa,6975152298,None,Single Family Red Bank Rental- Pet Friendly,https://jerseyshore.craigslist.org/apa/d/red-bank-single-family-red-bank-rental/6975152298.html,2019-09-09,18:31,$2350,Red Bank,True,None,2,None
New_Jersey,jerseyshore,jerseyshore,apa,6975137339,None,WINTER RENTAL:  Luxury Townhouse,https://jerseyshore.craigslist.org/apa/d/allenhurst-winter-rental-luxury/6975137339.html,2019-09-09,18:10,$2500,Asbury Park,True,None,3,1950ft2
New_Jersey,jerseyshore,jerseyshore,apa,6968816634,None,3 BR WINTER RENTAL,https://jerseyshore.craigslist.org/apa/d/allenhurst-3-br-winter-rental/6968816634.html,2019-09-09,18:01,$1500,Asbury Park,True,None,3,None
New_Jersey,jerseyshore,jerseyshore,apa,6975123322,None,For Rent Toms River 4 Bdrm Home w/ Pool,https://jerseyshore.craigslist.org/apa/d/toms-river-for-rent-toms-river-4-bdrm/6975123322.html,2019-09-09,17:52,$2800,Toms River NJ,True,None,4,2336ft2
New_Jersey,jerseyshore,jerseyshore,apa,6975119815,None,OFFICE OPEN MONDAY THROUGH SUNDAY 9:00AM -- 5:00PM NJ,https://jerseyshore.craigslist.org/apa/d/toms-river-office-open-monday-through/6975119815.html,2019-09-09,17:48,$1800,"140 Lilac Dr, Toms River, NJ",True,None,3,2712ft2
New_Jersey,jerseyshore,jerseyshore,apa,6975119784,None,OFFICE OPEN MONDAY THROUGH SUNDAY 9:00AM -- 5:00PM NJ,https://jerseyshore.craigslist.org/apa/d/toms-river-office-open-monday-through/6975119784.html,2019-09-09,17:48,$1800,"140 Lilac Dr, Toms River, NJ",True,None,3,2712ft2
New_Jersey,jerseyshore,jerseyshore,apa,6975119756,None,OFFICE OPEN MONDAY THROUGH SUNDAY 9:00AM -- 5:00PM NJ,https://jerseyshore.craigslist.org/apa/d/toms-river-office-open-monday-through/6975119756.html,2019-09-09,17:48,$1800,"140 Lilac Dr, Toms River, NJ",True,None,3,2712ft2
New_Jersey,jerseyshore,jerseyshore,apa,6975119762,None,OFFICE OPEN MONDAY THROUGH SUNDAY 9:00AM -- 5:00PM NJ,https://jerseyshore.craigslist.org/apa/d/toms-river-office-open-monday-through/6975119762.html,2019-09-09,17:48,$1800,"140 Lilac Dr, Toms River, NJ",True,None,3,2712ft2
New_Jersey,jerseyshore,jerseyshore,apa,6975075987,None,Hurry In Now Before Our 2BRs Are GONE! Online Leasing Available!,https://jerseyshore.craigslist.org/apa/d/neptune-hurry-in-now-before-our-2brs/6975075987.html,2019-09-09,16:56,$1875,None,True,None,None,None
New_Jersey,jerseyshore,jerseyshore,apa,6975070732,None,"three bedroom,2 bath",https://jerseyshore.craigslist.org/apa/d/keyport-three-bedroom2-bath/6975070732.html,2019-09-09,16:50,$2500,KEYPORT,False,None,3,None
New_Jersey,jerseyshore,jerseyshore,apa,6966095837,None,Absolutely Cute 1 Bedroom Apt On The Beach Front Perfect For Rent!!,https://jerseyshore.craigslist.org/apa/d/absolutely-cute-1-bedroom-apt-on-the/6966095837.html,2019-09-09,16:37,$1900,Manasquan,True,None,1,None
New_Jersey,jerseyshore,jerseyshore,apa,6955829637,4828885028,Renovated 3  bedroom winter rental round home in Long Branch,https://jerseyshore.craigslist.org/apa/d/long-branch-renovated-3-bedroom-winter/6955829637.html,2019-09-09,16:19,$1500,"Long Branch , NJ",False,None,3,None
New_Jersey,jerseyshore,jerseyshore,apa,6955830237,6626378768,Large 4 bedroom 2  bath house winter rental  in Elberon Long Branch,https://jerseyshore.craigslist.org/apa/d/long-branch-large-4-bedroom-2-bath/6955830237.html,2019-09-09,16:19,$1800,Long Branch,False,None,4,None
New_Jersey,jerseyshore,jerseyshore,apa,6974973485,None,Ready for IMMEDIATE MOVE IN. Apply online today!,https://jerseyshore.craigslist.org/apa/d/neptune-ready-for-immediate-move-in/6974973485.html,2019-09-09,15:03,$2000,None,True,None,None,None
New_Jersey,jerseyshore,jerseyshore,apa,6974954599,6852287823,Belmar loft,https://jerseyshore.craigslist.org/apa/d/belmar-belmar-loft/6974954599.html,2019-09-09,14:43,$1500,belmar NJ,True,None,1,500ft2
New_Jersey,jerseyshore,jerseyshore,apa,6974927065,None,"Leasing Now, Pool, Landscaped Grounds",https://jerseyshore.craigslist.org/apa/d/spring-lake-leasing-now-pool-landscaped/6974927065.html,2019-09-09,14:15,$1650,Spring Lake Heights,True,None,1,None
New_Jersey,jerseyshore,jerseyshore,apa,6956343019,None,Property Taxes Got You Down,https://jerseyshore.craigslist.org/apa/d/asbury-park-property-taxes-got-you-down/6956343019.html,2019-09-09,13:20,$0,Tinton Falls,True,None,None,None
New_Jersey,jerseyshore,jerseyshore,apa,6974858305,None,"2 BR, 2FBATH FOR RENT",https://jerseyshore.craigslist.org/apa/d/belleville-2-br-2fbath-for-rent/6974858305.html,2019-09-09,13:07,$1750,"BELLEVILLE, NJ",True,None,2,900ft2
New_Jersey,jerseyshore,jerseyshore,apa,6974824855,6788295468,"Stainless Steel Appliances, W/D in Apartment and much more! Apply Now!",https://jerseyshore.craigslist.org/apa/d/toms-river-stainless-steel-appliances-d/6974824855.html,2019-09-09,12:41,$3295,None,True,None,3,None
New_Jersey,jerseyshore,jerseyshore,apa,6974818724,6790637280,Beautiful 3 Bed 2.5 Bath! Pet Friendly!!,https://jerseyshore.craigslist.org/apa/d/toms-river-beautiful-3-bed-25-bath-pet/6974818724.html,2019-09-09,12:40,$2895,None,True,None,3,None
New_Jersey,jerseyshore,jerseyshore,apa,6974821500,None,"Professionally Managed, Stainless Steel Appliances, Multiple Closets",https://jerseyshore.craigslist.org/apa/d/spring-lake-professionally-managed/6974821500.html,2019-09-09,12:31,$1899,Spring Lake Heights,True,None,1,None
New_Jersey,jerseyshore,jerseyshore,apa,6974802288,6795421128,Call for Availability! Come in for a Tour! Check us out!,https://jerseyshore.craigslist.org/apa/d/toms-river-call-for-availability-come/6974802288.html,2019-09-09,12:24,$2850,None,True,None,3,None
New_Jersey,jerseyshore,jerseyshore,apa,6974800573,None,55+ Community Available November 15th,https://jerseyshore.craigslist.org/apa/d/manahawkin-55-community-available/6974800573.html,2019-09-09,12:11,$964,None,True,None,1,767ft2
New_Jersey,jerseyshore,jerseyshore,apa,6974783381,None,Furnished studio in the heart of AP,https://jerseyshore.craigslist.org/apa/d/allenhurst-furnished-studio-in-the/6974783381.html,2019-09-09,11:55,$1150,Asbury Park,True,None,None,505ft2
New_Jersey,jerseyshore,jerseyshore,apa,6974768471,None,Lovely 2 BR Annual Rental,https://jerseyshore.craigslist.org/apa/d/allenhurst-lovely-2-br-annual-rental/6974768471.html,2019-09-09,11:40,$1600,NE Asbury Park,True,None,2,None
New_Jersey,jerseyshore,jerseyshore,apa,6974765336,None,Something To Bark About! Pet Friendly Living At The Pointe!,https://jerseyshore.craigslist.org/apa/d/neptune-something-to-bark-about-pet/6974765336.html,2019-09-09,11:36,$1875,None,True,None,None,None
New_Jersey,jerseyshore,jerseyshore,apa,6974665390,None,DISCOVER PLEASANT LIVING IN COASTAL TOWNSHIP,https://jerseyshore.craigslist.org/apa/d/oakhurst-discover-pleasant-living-in/6974665390.html,2019-09-09,09:52,$1085,"OCEAN, NJ",True,None,1,None
New_Jersey,jerseyshore,jerseyshore,apa,6974668836,4879038032,BEST LOCATION! Sunrise Bay Apartments just minutes from Atlantic City,https://jerseyshore.craigslist.org/apa/d/best-location-sunrise-bay-apartments/6974668836.html,2019-09-09,09:48,$0,Galloway,False,None,2,None
New_Jersey,jerseyshore,jerseyshore,apa,6974668306,None,"Designer Fixtures, Picnic Area, Some Utilities Included",https://jerseyshore.craigslist.org/apa/d/spring-lake-designer-fixtures-picnic/6974668306.html,2019-09-09,09:47,$1650,Spring Lake Heights,True,None,1,None
New_Jersey,jerseyshore,jerseyshore,apa,6974611471,6508796595,Save Up To $3224 On Select Apartments!,https://jerseyshore.craigslist.org/apa/d/cologne-save-up-to-3224-on-select/6974611471.html,2019-09-09,08:03,$0,Mays Landing,True,None,1,None
New_Jersey,jerseyshore,jerseyshore,apa,6974611340,6495132046,Save Up To $3224 On Select Apartments!,https://jerseyshore.craigslist.org/apa/d/cologne-save-up-to-3224-on-select/6974611340.html,2019-09-09,08:03,$0,Mays Landing,True,None,1,None
New_Jersey,jerseyshore,jerseyshore,apa,6974610634,None,Proper Design. Smartly Priced. Ready for Move-In!,https://jerseyshore.craigslist.org/apa/d/matawan-proper-design-smartly-priced/6974610634.html,2019-09-09,08:01,$2010,Atlantic Highlands,True,None,1,982ft2
New_Jersey,jerseyshore,jerseyshore,apa,6955579490,5414964712,Nice furnished 2 bed apartment for rent,https://jerseyshore.craigslist.org/apa/d/nice-furnished-2-bed-apartment-for-rent/6955579490.html,2019-09-09,07:55,$1300,WILDWOOD CREST,True,None,2,None
New_Jersey,jerseyshore,jerseyshore,apa,6974607932,6495132046,Save Up To $2835 On Select Townhomes,https://jerseyshore.craigslist.org/apa/d/cologne-save-up-to-2835-on-select/6974607932.html,2019-09-09,07:52,$0,Mays Landing,True,None,3,None
New_Jersey,jerseyshore,jerseyshore,apa,6974520883,None,$900 / 2br - Cozy Winter Rental (Lake Como) SCAM,https://jerseyshore.craigslist.org/apa/d/belford-900-2br-cozy-winter-rental-lake/6974520883.html,2019-09-08,23:11,$1200,Belmar,True,None,3,None
New_Jersey,jerseyshore,jerseyshore,apa,6974503141,None,Townhouse for rent,https://jerseyshore.craigslist.org/apa/d/brick-townhouse-for-rent/6974503141.html,2019-09-08,22:22,$1595,"Brick, NJ",True,None,2,1200ft2
New_Jersey,jerseyshore,jerseyshore,apa,6974501840,None,2BR with loft & 2.5BA Townhouse for rent Montgomery Woods Princeton,https://jerseyshore.craigslist.org/apa/d/kingston-2br-with-loft-25ba-townhouse/6974501840.html,2019-09-08,22:19,$2300,Princeton,True,None,2,None
New_Jersey,jerseyshore,jerseyshore,apa,6974453521,6843543324,Bay View Luxury 1 Bdrm Apt Minutes away from NYC Transportation,https://jerseyshore.craigslist.org/apa/d/south-amboy-bay-view-luxury-1-bdrm-apt/6974453521.html,2019-09-08,20:35,$1550,South Amboy,True,None,1,850ft2
New_Jersey,jerseyshore,jerseyshore,apa,6974422816,None,Winter Rental Jersey Shore (Just Reduced),https://jerseyshore.craigslist.org/apa/d/seaside-park-winter-rental-jersey-shore/6974422816.html,2019-09-08,19:36,$1100,South Seaside Park,True,None,2,1200ft2
New_Jersey,jerseyshore,jerseyshore,apa,6974353134,None,Little Silver Townhomes WALK to TRAIN,https://jerseyshore.craigslist.org/apa/d/red-bank-little-silver-townhomes-walk/6974353134.html,2019-09-08,17:40,$2300,Little Silver,False,None,3,1500ft2
New_Jersey,jerseyshore,jerseyshore,apa,6970180411,None,Cottage in Private setting..Specular View  Utilities Included,https://jerseyshore.craigslist.org/apa/d/cottage-in-private-settingspecular-view/6970180411.html,2019-09-08,17:04,$1600,Atlantic Highlands,True,None,1,900ft2
New_Jersey,jerseyshore,jerseyshore,apa,6974263852,None,"Beautiful hardwood floors, don't miss out. Apply online TODAY!",https://jerseyshore.craigslist.org/apa/d/neptune-beautiful-hardwood-floors-dont/6974263852.html,2019-09-08,15:31,$2155,None,True,None,None,None
New_Jersey,jerseyshore,jerseyshore,apa,6974204177,6833362044,Touring! Come See! Pet Friendly!,https://jerseyshore.craigslist.org/apa/d/toms-river-touring-come-see-pet-friendly/6974204177.html,2019-09-08,14:40,$2850,None,True,None,3,None
New_Jersey,jerseyshore,jerseyshore,apa,6974206673,6761453897,Brand New Luxury Townhomes in a Great Location!,https://jerseyshore.craigslist.org/apa/d/toms-river-brand-new-luxury-townhomes/6974206673.html,2019-09-08,14:36,$2895,None,True,None,3,None
New_Jersey,jerseyshore,jerseyshore,apa,6974211882,6834123240,Great Location! Call For Details!,https://jerseyshore.craigslist.org/apa/d/toms-river-great-location-call-for/6974211882.html,2019-09-08,14:31,$3295,None,True,None,3,None
New_Jersey,jerseyshore,jerseyshore,apa,6974113528,None,Belmar Winter Rental 3 Bedroom,https://jerseyshore.craigslist.org/apa/d/belmar-belmar-winter-rental-3-bedroom/6974113528.html,2019-09-08,12:09,$1095,"Belmar, NJ",True,None,3,None
New_Jersey,jerseyshore,jerseyshore,apa,6974080823,None,Looking for A Bigger Place…Try Us On For Size! RARE 2BR/2BATH,https://jerseyshore.craigslist.org/apa/d/neptune-looking-for-bigger-placetry-us/6974080823.html,2019-09-08,11:20,$1875,None,True,None,None,None
New_Jersey,jerseyshore,jerseyshore,apa,6974076400,None,"2 Bedroom Luxury Apartment with Concierge Service, call now!",https://jerseyshore.craigslist.org/apa/d/matawan-2-bedroom-luxury-apartment-with/6974076400.html,2019-09-08,11:13,$2310,Keyport,True,None,2,1300ft2
New_Jersey,jerseyshore,jerseyshore,apa,6974048832,6508796595,Save Up To $3224 On Select Apartments!,https://jerseyshore.craigslist.org/apa/d/cologne-save-up-to-3224-on-select/6974048832.html,2019-09-08,10:27,$0,Mays Landing,True,None,2,None
New_Jersey,jerseyshore,jerseyshore,apa,6974048656,6495132046,Save Up To $3224 On Select Apartments!,https://jerseyshore.craigslist.org/apa/d/cologne-save-up-to-3224-on-select/6974048656.html,2019-09-08,10:27,$0,Mays Landing,True,None,1,None
New_Jersey,jerseyshore,jerseyshore,apa,6974046844,6495132046,Save Up To $3224 On Select Apartments!,https://jerseyshore.craigslist.org/apa/d/cologne-save-up-to-3224-on-select/6974046844.html,2019-09-08,10:24,$0,Mays Landing,True,None,1,None
New_Jersey,jerseyshore,jerseyshore,apa,6959747003,None,House for rent 4 huge bedrooms 2.5 bathroom prestigious ocean township,https://jerseyshore.craigslist.org/apa/d/asbury-park-house-for-rent-4-huge/6959747003.html,2019-09-08,10:16,$3500,Ocean township (wayside),True,None,4,3500ft2
New_Jersey,jerseyshore,jerseyshore,apa,6973991480,6949842127,House for rent in 55 and over community,https://jerseyshore.craigslist.org/apa/d/toms-river-house-for-rent-in-55-and/6973991480.html,2019-09-08,08:16,$1525,Holiday Heights/ Holiday City,True,None,2,1100ft2
New_Jersey,jerseyshore,jerseyshore,apa,6952748629,None,2 BEDROOM,https://jerseyshore.craigslist.org/apa/d/pleasantville-2-bedroom/6952748629.html,2019-09-08,00:48,$950,Pleasanville,True,None,2,550ft2
New_Jersey,jerseyshore,jerseyshore,apa,6973862410,None,One Bedroom Fully Furnished,https://jerseyshore.craigslist.org/apa/d/waretown-one-bedroom-fully-furnished/6973862410.html,2019-09-07,20:56,$1100,Waretown,True,None,1,1200ft2
New_Jersey,jerseyshore,jerseyshore,apa,6973845055,None,Toms River waterfront beware,https://jerseyshore.craigslist.org/apa/d/toms-river-toms-river-waterfront-beware/6973845055.html,2019-09-07,20:18,$2650,Toms river,False,None,None,None
New_Jersey,jerseyshore,jerseyshore,apa,6973821285,None,Condo for rent,https://jerseyshore.craigslist.org/apa/d/island-heights-condo-for-rent/6973821285.html,2019-09-07,19:32,$1550,Toms River,True,None,2,1000ft2
New_Jersey,jerseyshore,jerseyshore,apa,6973756909,None,FIRST MONTH FREE! 2 BD 1-1/2 BATH W/LOFT,https://jerseyshore.craigslist.org/apa/d/neptune-first-month-free-2-bd-bath-loft/6973756909.html,2019-09-07,17:44,$2075,NEPTUNE,True,None,2,1100ft2
New_Jersey,jerseyshore,jerseyshore,apa,6973654936,None,"2BRs & parking, 92nd St. & 3rd Ave,",https://jerseyshore.craigslist.org/apa/d/brooklyn-2brs-parking-92nd-st-3rd-ave/6973654936.html,2019-09-07,15:27,$1800,"Bay Ridge, Brooklyn",False,None,2,None
New_Jersey,jerseyshore,jerseyshore,apa,6973654472,None,Pets Love It Here Too! Tour Today and APPLY ONLINE At The Pointe!,https://jerseyshore.craigslist.org/apa/d/neptune-pets-love-it-here-too-tour/6973654472.html,2019-09-07,15:26,$2000,None,True,None,None,None
New_Jersey,jerseyshore,jerseyshore,apa,6973603218,None,Studio Apartment - Winter Rental,https://jerseyshore.craigslist.org/apa/d/margate-city-studio-apartment-winter/6973603218.html,2019-09-07,14:30,$650,Margate,True,None,None,None
New_Jersey,jerseyshore,jerseyshore,apa,6956131317,None,"2 bedrooms, Summer weeks, Surf City, Long Beach Island",https://jerseyshore.craigslist.org/apa/d/beach-haven-2-bedrooms-summer-weeks/6956131317.html,2019-09-07,14:09,$925,"Surf City, NJ",True,None,2,None
New_Jersey,jerseyshore,jerseyshore,apa,6973510065,None,Want to live miles from the Jersey Shore? Live at The Pointe!,https://jerseyshore.craigslist.org/apa/d/neptune-want-to-live-miles-from-the/6973510065.html,2019-09-07,12:46,$2000,None,True,None,None,None
New_Jersey,jerseyshore,jerseyshore,apa,6973491066,None,"Hotel style services and amenities, right in Matawan!",https://jerseyshore.craigslist.org/apa/d/matawan-hotel-style-services-and/6973491066.html,2019-09-07,12:25,$2310,Atlantic Highlands,True,None,2,1300ft2
New_Jersey,jerseyshore,jerseyshore,apa,6973414531,None,2 Bed 2 Bath House for rent,https://jerseyshore.craigslist.org/apa/d/elwood-2-bed-2-bath-house-for-rent/6973414531.html,2019-09-07,11:15,$1450,Mullica Township,False,None,None,None
New_Jersey,jerseyshore,jerseyshore,apa,6973374239,4668835609,Large Quiet Ideal Location with W/D,https://jerseyshore.craigslist.org/apa/d/large-quiet-ideal-location-with-d/6973374239.html,2019-09-07,10:07,$1025,Oakhurst,True,None,1,None
New_Jersey,jerseyshore,jerseyshore,apa,6973351544,None,Spring Lake Winter Rental,https://jerseyshore.craigslist.org/apa/d/spring-lake-spring-lake-winter-rental/6973351544.html,2019-09-07,09:32,$1300,Spring Lake,True,None,2,None
New_Jersey,jerseyshore,jerseyshore,apa,6973342020,5598781736,Sunrise Bay Has Spacious Apartments & Townhomes! Check Us Out Today!,https://jerseyshore.craigslist.org/apa/d/sunrise-bay-has-spacious-apartments/6973342020.html,2019-09-07,09:16,$0,Galloway,False,None,2,None
New_Jersey,jerseyshore,jerseyshore,apa,6973313843,6514619171,Save Up To $3224 On Select Apartments!,https://jerseyshore.craigslist.org/apa/d/cologne-save-up-to-3224-on-select/6973313843.html,2019-09-07,08:13,$0,Mays Landing,True,None,1,None
New_Jersey,jerseyshore,jerseyshore,apa,6973306509,6783446288,Come look! Limited availability! Hurry!,https://jerseyshore.craigslist.org/apa/d/toms-river-come-look-limited/6973306509.html,2019-09-07,08:06,$3295,None,True,None,3,None
New_Jersey,jerseyshore,jerseyshore,apa,6973309851,6508796595,Save Up To $2835 On Select Townhomes!,https://jerseyshore.craigslist.org/apa/d/cologne-save-up-to-2835-on-select/6973309851.html,2019-09-07,08:02,$0,Mays Landing,True,None,3,None
New_Jersey,jerseyshore,jerseyshore,apa,6973309675,6490523392,Save Up To $3224 On Select Apartments!,https://jerseyshore.craigslist.org/apa/d/cologne-save-up-to-3224-on-select/6973309675.html,2019-09-07,08:01,$0,Mays Landing,True,None,1,None
New_Jersey,jerseyshore,jerseyshore,apa,6973309557,6508796595,Save Up To $3224 On Select Apartments!,https://jerseyshore.craigslist.org/apa/d/cologne-save-up-to-3224-on-select/6973309557.html,2019-09-07,08:01,$0,Mays Landing,True,None,2,None
New_Jersey,jerseyshore,jerseyshore,apa,6973306002,6834937106,Leasing NOW! Limited availability! Come take a tour!,https://jerseyshore.craigslist.org/apa/d/toms-river-leasing-now-limited/6973306002.html,2019-09-07,07:53,$2850,None,True,None,3,None
New_Jersey,jerseyshore,jerseyshore,apa,6973306803,6834937106,Limited availability! Come take a tour! Leasing NOW!,https://jerseyshore.craigslist.org/apa/d/toms-river-limited-availability-come/6973306803.html,2019-09-07,07:52,$2895,None,True,None,3,None
New_Jersey,jerseyshore,jerseyshore,apa,6953337023,None,WINTER RENTAL  INCLUDES UTILITY'S (5) HOUSES to BEACH SLEEPS (6),https://jerseyshore.craigslist.org/apa/d/seaside-heights-winter-rental-includes/6953337023.html,2019-09-07,07:44,$1500,SEASIDE HEIGHTS  - NORTH END,True,None,3,1600ft2
New_Jersey,jerseyshore,jerseyshore,apa,6963027081,None,UTILITIES INCL - SEPT - MAY - ONLY 5 HOUSES to BEACH,https://jerseyshore.craigslist.org/apa/d/seaside-heights-utilities-incl-sept-may/6963027081.html,2019-09-07,07:41,$1500,(SEASIDE HEIGHTS - NORTH),True,None,3,1600ft2
New_Jersey,jerseyshore,jerseyshore,apa,6970852163,None,Lavalette NJ Furnished  Condo:  Winter Rental,https://jerseyshore.craigslist.org/apa/d/lavallette-lavalette-nj-furnished-condo/6970852163.html,2019-09-07,07:11,$1200,Lavallette NJ,True,None,2,None
New_Jersey,jerseyshore,jerseyshore,apa,6956050651,6668550266,Manasquan 3 Bedroom 3BR winter rental,https://jerseyshore.craigslist.org/apa/d/sea-girt-manasquan-3-bedroom-3br-winter/6956050651.html,2019-09-07,06:11,$1400,Beachfront,True,None,3,None
New_Jersey,jerseyshore,jerseyshore,apa,6956048313,4828105742,$ JUST REDUCED$ Magnificent Manasquan Beachfront Villa Winter rental,https://jerseyshore.craigslist.org/apa/d/sea-girt-just-reduced-magnificent/6956048313.html,2019-09-07,06:11,$1800,Manasquan Beach,True,None,3,1700ft2
New_Jersey,jerseyshore,jerseyshore,apa,6969054046,None,2 bedrooms Townhouse for rent,https://jerseyshore.craigslist.org/apa/d/brick-2-bedrooms-townhouse-for-rent/6969054046.html,2019-09-07,05:12,$1700,Brick Twp,True,None,2,1000ft2
New_Jersey,jerseyshore,jerseyshore,apa,6956323101,6813183627,Point Pleasant River View Home,https://jerseyshore.craigslist.org/apa/d/point-pleasant-beach-point-pleasant/6956323101.html,2019-09-06,21:42,$1800,Pt. Pleasant,True,None,2,None
New_Jersey,jerseyshore,jerseyshore,apa,6973165722,None,Winter Rental,https://jerseyshore.craigslist.org/apa/d/bradley-beach-winter-rental/6973165722.html,2019-09-06,20:56,$1800,Bradley Beach,True,None,4,1800ft2
New_Jersey,jerseyshore,jerseyshore,apa,6954619564,5797321543,"Winter rental, Studio apart in Ocean Grove, avail. (until - May 15th)",https://jerseyshore.craigslist.org/apa/d/ocean-grove-winter-rental-studio-apart/6954619564.html,2019-09-06,19:38,$1200,Ocean Grove,True,None,1,None
New_Jersey,jerseyshore,jerseyshore,apa,6973031715,None,Studio Apartment,https://jerseyshore.craigslist.org/apa/d/allenhurst-studio-apartment/6973031715.html,2019-09-06,17:33,$1100,Asbury,True,None,None,500ft2
New_Jersey,jerseyshore,jerseyshore,apa,6972979674,None,Need PET FRIENDLY? Check us out and apply online!,https://jerseyshore.craigslist.org/apa/d/neptune-need-pet-friendly-check-us-out/6972979674.html,2019-09-06,16:28,$1875,None,True,None,None,None
New_Jersey,jerseyshore,jerseyshore,apa,6966125299,None,Winter Rental- Bayview BEAUTIFUL!,https://jerseyshore.craigslist.org/apa/d/ventnor-city-winter-rental-bayview/6966125299.html,2019-09-06,16:27,$1100,Ventnor,True,None,2,None
New_Jersey,jerseyshore,jerseyshore,apa,6966129875,None,Stockton Students Welcomed- 2 BR Fully Furnished,https://jerseyshore.craigslist.org/apa/d/ventnor-city-stockton-students-welcomed/6966129875.html,2019-09-06,16:26,$1100,Ventnor,True,None,2,None
New_Jersey,jerseyshore,jerseyshore,apa,6972892756,None,Comfortable 3 Bedroom,https://jerseyshore.craigslist.org/apa/d/neptune-comfortable-3-bedroom/6972892756.html,2019-09-06,14:52,$1600,Neptune,False,None,3,950ft2
New_Jersey,jerseyshore,jerseyshore,apa,6972877108,None,"Professionally Managed, Some Utilities Included, Pool",https://jerseyshore.craigslist.org/apa/d/spring-lake-professionally-managed-some/6972877108.html,2019-09-06,14:36,$1650,Spring Lake Heights,True,None,1,None
New_Jersey,jerseyshore,jerseyshore,apa,6972846015,None,RARE Availability For This 2 BR/2 BATH! Tour TODAY Before Its Gone!,https://jerseyshore.craigslist.org/apa/d/neptune-rare-availability-for-this-2-br/6972846015.html,2019-09-06,14:05,$1875,None,True,None,None,None
New_Jersey,jerseyshore,jerseyshore,apa,6972730064,None,2BEDROOM HOME $795 + UTILITIES.HARDWOOD FLOORS@@@@@))))),https://jerseyshore.craigslist.org/apa/d/neptune-2bedroom-home-795/6972730064.html,2019-09-06,13:55,$795,Neptune,True,None,None,None
New_Jersey,jerseyshore,jerseyshore,apa,6972815745,6660196152,Fall/Winter/Spring Rental Available,https://jerseyshore.craigslist.org/apa/d/ocean-city-fall-winter-spring-rental/6972815745.html,2019-09-06,13:34,$1300,North End Ocean City,False,None,3,1000ft2
New_Jersey,jerseyshore,jerseyshore,apa,6972754963,None,"Perfect Location, Central AC, Classic Architecture",https://jerseyshore.craigslist.org/apa/d/spring-lake-perfect-location-central-ac/6972754963.html,2019-09-06,12:32,$1899,Spring Lake Heights,True,None,1,None
New_Jersey,jerseyshore,jerseyshore,apa,6966689384,None,INCLUDES UTILITY'S - WINTER RENTAL (5) HOUSES to BEACH SLEEPS (6),https://jerseyshore.craigslist.org/apa/d/seaside-heights-includes-utilitys/6966689384.html,2019-09-06,11:55,$1500,SEASIDE HEIGHTS NORTH END,True,None,3,1600ft2
New_Jersey,jerseyshore,jerseyshore,apa,6966465160,4905579409,2 Bed 1 Bath Apt.,https://jerseyshore.craigslist.org/apa/d/2-bed-1-bath-apt/6966465160.html,2019-09-06,11:04,$1250,Brick,False,None,2,980ft2
New_Jersey,jerseyshore,jerseyshore,apa,6972666863,None,Cottage in Private setting..Specular View Utilities Included,https://jerseyshore.craigslist.org/apa/d/cottage-in-private-settingspecular-view/6972666863.html,2019-09-06,11:01,$1600,Atlantic Highlands,True,None,None,None
New_Jersey,jerseyshore,jerseyshore,apa,6972665217,None,"Live Miles From Beaches, Shopping, and More at The Pointe!",https://jerseyshore.craigslist.org/apa/d/neptune-live-miles-from-beaches/6972665217.html,2019-09-06,10:59,$1875,None,True,None,None,None
New_Jersey,jerseyshore,jerseyshore,apa,6972643640,None,1 Bedroom Luxury Apartment with a 24/7 Gym!,https://jerseyshore.craigslist.org/apa/d/matawan-1-bedroom-luxury-apartment-with/6972643640.html,2019-09-06,10:34,$2025,Aberdeen,True,None,1,977ft2
New_Jersey,jerseyshore,jerseyshore,apa,6972572726,None,ENJOY LIVING IN COASTAL TOWNSHIP WITH GREAT SCHOOL SYSTEM,https://jerseyshore.craigslist.org/apa/d/oakhurst-enjoy-living-in-coastal/6972572726.html,2019-09-06,08:54,$1085,"OCEAN, NJ",True,None,1,None
New_Jersey,jerseyshore,jerseyshore,apa,6959282713,None,WINTER RENTALS ALL SIZES,https://jerseyshore.craigslist.org/apa/d/seaside-park-winter-rentals-all-sizes/6959282713.html,2019-09-06,08:50,$800,seaside park,False,None,None,None
New_Jersey,jerseyshore,jerseyshore,apa,6959839765,6299182880,Winter Rental @ The Jersey Shore 10/1/19 - 5/31/20,https://jerseyshore.craigslist.org/apa/d/seaside-heights-winter-rental-the/6959839765.html,2019-09-06,08:48,$995,"Lavallette, NJ",True,None,2,980ft2
New_Jersey,jerseyshore,jerseyshore,apa,6972558623,None,apartment for rent yearly lease,https://jerseyshore.craigslist.org/apa/d/belmar-apartment-for-rent-yearly-lease/6972558623.html,2019-09-06,08:21,$880,ocean grove,False,None,None,None
New_Jersey,jerseyshore,jerseyshore,apa,6972537953,6789983318,Experience the Gabrielle Run Lifestyle!,https://jerseyshore.craigslist.org/apa/d/toms-river-experience-the-gabrielle-run/6972537953.html,2019-09-06,07:29,$2850,None,True,None,3,None
New_Jersey,jerseyshore,jerseyshore,apa,6972538292,6789794004,Pet Friendly! Call Today!,https://jerseyshore.craigslist.org/apa/d/toms-river-pet-friendly-call-today/6972538292.html,2019-09-06,07:21,$2895,None,True,None,3,None
New_Jersey,jerseyshore,jerseyshore,apa,6972540179,6514619171,Save Up To $3224 On Select Apartments!,https://jerseyshore.craigslist.org/apa/d/cologne-save-up-to-3224-on-select/6972540179.html,2019-09-06,07:20,$0,Mays Landing,True,None,2,None
New_Jersey,jerseyshore,jerseyshore,apa,6972538077,6790637280,Beautiful 2 Bed 2 Bath! Pet Friendly!!,https://jerseyshore.craigslist.org/apa/d/toms-river-beautiful-2-bed-2-bath-pet/6972538077.html,2019-09-06,07:17,$2375,None,True,None,2,None
New_Jersey,jerseyshore,jerseyshore,apa,6972537641,6490523392,Save Up To $3224 On Select Apartments!,https://jerseyshore.craigslist.org/apa/d/cologne-save-up-to-3224-on-select/6972537641.html,2019-09-06,07:08,$0,Mays Landing,True,None,2,None
New_Jersey,jerseyshore,jerseyshore,apa,6972537547,6514619171,Save Up To $2835 On Select Townhomes!,https://jerseyshore.craigslist.org/apa/d/cologne-save-up-to-2835-on-select/6972537547.html,2019-09-06,07:07,$0,Mays Landing,True,None,3,None
New_Jersey,jerseyshore,jerseyshore,apa,6972537449,6514619171,Save Up To $3224 On Select Apartments!,https://jerseyshore.craigslist.org/apa/d/cologne-save-up-to-3224-on-select/6972537449.html,2019-09-06,07:07,$0,Mays Landing,True,None,1,None
New_Jersey,jerseyshore,jerseyshore,apa,6972523702,None,"DOG FRIENDLY, Winter 1 Bedroom Furnish Rental VERY SPACIOUS",https://jerseyshore.craigslist.org/apa/d/ocean-grove-dog-friendly-winter-1/6972523702.html,2019-09-06,05:24,$1300,Jersey Shore Bradly Beach/Ocean Grove,True,None,1,850ft2
New_Jersey,jerseyshore,jerseyshore,apa,6961323735,2747021611,ENJOY the stunning Marina and River view in Neptune/ Belmar,https://jerseyshore.craigslist.org/apa/d/belmar-enjoy-the-stunning-marina-and/6961323735.html,2019-09-06,03:17,$2600,Neptune/ Belmar,True,None,3,None
New_Jersey,jerseyshore,jerseyshore,apa,6972275328,6823369679,Luxury All Around! Bring Your Pets!,https://jerseyshore.craigslist.org/apa/d/toms-river-luxury-all-around-bring-your/6972275328.html,2019-09-05,18:16,$2375,None,True,None,2,None
New_Jersey,jerseyshore,jerseyshore,apa,6972277473,6817504738,Pet Friendly! Come take a tour! Limited availability!,https://jerseyshore.craigslist.org/apa/d/toms-river-pet-friendly-come-take-tour/6972277473.html,2019-09-05,18:07,$2895,None,True,None,3,None
New_Jersey,jerseyshore,jerseyshore,apa,6972298271,None,Rental,https://jerseyshore.craigslist.org/apa/d/toms-river-rental/6972298271.html,2019-09-05,17:59,$1250,Silverton,False,None,1,None
New_Jersey,jerseyshore,jerseyshore,apa,6972296881,None,"Ocean City , New Jersey, 6 month rental, 3 bedrooms $1350 month",https://jerseyshore.craigslist.org/apa/d/ocean-city-ocean-city-new-jersey-6/6972296881.html,2019-09-05,17:57,$1350,The Gardens,True,None,3,None
New_Jersey,jerseyshore,jerseyshore,apa,6972274681,6793267316,Large 3 Bedrooms 2.5 Bath in a Pet Friendly Community!,https://jerseyshore.craigslist.org/apa/d/toms-river-large-3-bedrooms-25-bath-in/6972274681.html,2019-09-05,17:41,$2850,None,True,None,3,None
New_Jersey,jerseyshore,jerseyshore,apa,6972239526,None,OPEN HOUSE SUNDAY 11-4,https://jerseyshore.craigslist.org/apa/d/neptune-open-house-sunday-11-4/6972239526.html,2019-09-05,16:56,$1425,Neptune City,True,None,None,794ft2
New_Jersey,jerseyshore,jerseyshore,apa,6972204546,6039789583,Ocean Club A. C.  Deluxe high floor studio--boardwalk and ocean,https://jerseyshore.craigslist.org/apa/d/ventnor-city-ocean-club-c-deluxe-high/6972204546.html,2019-09-05,16:03,$1175,Boardwalk Atlantic City,True,None,None,623ft2
New_Jersey,jerseyshore,jerseyshore,apa,6972147946,None,Its the perfect time to get an apartment here near the beach!!,https://jerseyshore.craigslist.org/apa/d/neptune-its-the-perfect-time-to-get-an/6972147946.html,2019-09-05,15:01,$2155,None,True,None,None,None
New_Jersey,jerseyshore,jerseyshore,apa,6972147882,None,1 Month Free on 13-17 Month lease. Must Move -In by 9/30/19,https://jerseyshore.craigslist.org/apa/d/matawan-1-month-free-on-month-lease/6972147882.html,2019-09-05,14:59,$2310,Atlantic Highlands,True,None,2,1300ft2
New_Jersey,jerseyshore,jerseyshore,apa,6959079234,6655654514,Winter Rental Cottage,https://jerseyshore.craigslist.org/apa/d/ocean-grove-winter-rental-cottage/6959079234.html,2019-09-05,14:56,$1400,27 Webb Ave Ocean Grove NJ,True,None,1,None
New_Jersey,jerseyshore,jerseyshore,apa,6958557213,6269118438,113 central ave,https://jerseyshore.craigslist.org/apa/d/point-pleasant-beach-113-central-ave/6958557213.html,2019-09-05,14:42,$1175,Point pleasant beach,True,None,3,None
New_Jersey,jerseyshore,jerseyshore,apa,6972094503,None,OPEN HOUSE SUNDAY 11-4,https://jerseyshore.craigslist.org/apa/d/neptune-open-house-sunday-11-4/6972094503.html,2019-09-05,14:15,$1425,Neptune City,True,None,None,794ft2
New_Jersey,jerseyshore,jerseyshore,apa,6971899380,None,"3bd 1.5ba 1,524 sqft",https://jerseyshore.craigslist.org/apa/d/fort-monmouth-3bd-15ba-1524-sqft/6971899380.html,2019-09-05,12:01,$950,"Eatontown, NJ",True,None,3,None
New_Jersey,jerseyshore,jerseyshore,apa,6971973243,None,Minutes Walk to the Beach!!!,https://jerseyshore.craigslist.org/apa/d/sea-isle-city-minutes-walk-to-the-beach/6971973243.html,2019-09-05,11:52,$1600,Sea Isle,True,None,1,None
New_Jersey,jerseyshore,jerseyshore,apa,6971955673,4879038032,BEST LOCATION! Sunrise Bay Apartments just minutes from AC & GSP!,https://jerseyshore.craigslist.org/apa/d/best-location-sunrise-bay-apartments/6971955673.html,2019-09-05,11:33,$0,Galloway,False,None,2,None
New_Jersey,jerseyshore,jerseyshore,apa,6971884034,None,Apartment rentals ready! Come tour now our 2 bedrooms!,https://jerseyshore.craigslist.org/apa/d/neptune-apartment-rentals-ready-come/6971884034.html,2019-09-05,10:08,$1875,None,True,None,None,None
New_Jersey,jerseyshore,jerseyshore,apa,6971839906,None,Discover Pleasant Living In Coastal Town,https://jerseyshore.craigslist.org/apa/d/oakhurst-discover-pleasant-living-in/6971839906.html,2019-09-05,09:08,$1085,"Ocean, NJ",True,None,1,None
New_Jersey,jerseyshore,jerseyshore,apa,6971827408,None,Winter Rental Spring Lake N J,https://jerseyshore.craigslist.org/apa/d/manahawkin-winter-rental-spring-lake-j/6971827408.html,2019-09-05,08:35,$1350,Spring Lake N J,True,None,2,None
New_Jersey,jerseyshore,jerseyshore,apa,6971827319,None,"DOG FRIENDLY, Winter 1 Bedroom Furnish Rental VERY SPACIOUS",https://jerseyshore.craigslist.org/apa/d/ocean-grove-dog-friendly-winter-1/6971827319.html,2019-09-05,08:35,$1300,Jersey Shore Bradly Beach/Avon,True,None,1,850ft2
New_Jersey,jerseyshore,jerseyshore,apa,6971804367,6490523392,Save Up To $3224 On Select Apartments!,https://jerseyshore.craigslist.org/apa/d/cologne-save-up-to-3224-on-select/6971804367.html,2019-09-05,07:23,$0,Mays Landing,True,None,1,None
New_Jersey,jerseyshore,jerseyshore,apa,6971804235,6514619171,Save Up To $2835 On Select Townhomes!,https://jerseyshore.craigslist.org/apa/d/cologne-save-up-to-2835-on-select/6971804235.html,2019-09-05,07:23,$0,Mays Landing,True,None,3,None
New_Jersey,jerseyshore,jerseyshore,apa,6971804158,6514619171,Save Up To $3224 On Select Apartments!,https://jerseyshore.craigslist.org/apa/d/cologne-save-up-to-3224-on-select/6971804158.html,2019-09-05,07:22,$0,Mays Landing,True,None,2,None
New_Jersey,jerseyshore,jerseyshore,apa,6971691869,None,2 Bedroom apartment.,https://jerseyshore.craigslist.org/apa/d/atlantic-city-2-bedroom-apartment/6971691869.html,2019-09-04,22:11,$1000,Atlantic City,True,None,2,None
New_Jersey,jerseyshore,jerseyshore,apa,6971695910,None,Beautiful Renovated Seaside 2/1 Apt,https://jerseyshore.craigslist.org/apa/d/seaside-heights-beautiful-renovated/6971695910.html,2019-09-04,22:01,$1350,Seaside Heights,True,None,2,None
New_Jersey,jerseyshore,jerseyshore,apa,6971691014,2975304112,"2 BEDROOM, TOWNHOUSE IN Tinton Falls",https://jerseyshore.craigslist.org/apa/d/eatontown-2-bedroom-townhouse-in-tinton/6971691014.html,2019-09-04,21:54,$2200,"Tinton Falls, NJ, 07724",False,None,2,1800ft2
New_Jersey,jerseyshore,jerseyshore,apa,6971690439,2975304112,"2 BEDROOM, TOWNHOUSE IN SPRING MEADOWS",https://jerseyshore.craigslist.org/apa/d/eatontown-2-bedroom-townhouse-in-spring/6971690439.html,2019-09-04,21:48,$2200,"Tinton Falls, NJ, 07724",False,None,2,1790ft2
New_Jersey,jerseyshore,jerseyshore,apa,6971508488,None,3 bed one bath garage,https://jerseyshore.craigslist.org/apa/d/lanoka-harbor-3-bed-one-bath-garage/6971508488.html,2019-09-04,17:05,$1500,Forked river,False,None,3,1200ft2
New_Jersey,jerseyshore,jerseyshore,apa,6971465694,None,"Asbury Winter Rental, Brand New, 2 Blocks to Beach!",https://jerseyshore.craigslist.org/apa/d/allenhurst-asbury-winter-rental-brand/6971465694.html,2019-09-04,16:14,$2000,Asbury Park,True,None,3,1000ft2
New_Jersey,jerseyshore,jerseyshore,apa,6971440049,None,OPEN HOUSE SUNDAY 11-4,https://jerseyshore.craigslist.org/apa/d/neptune-open-house-sunday-11-4/6971440049.html,2019-09-04,15:54,$1425,Neptune City,True,None,None,794ft2
New_Jersey,jerseyshore,jerseyshore,apa,6971417452,None,"Modern Fixtures, Upgraded Kitchen, Laundry Room",https://jerseyshore.craigslist.org/apa/d/spring-lake-modern-fixtures-upgraded/6971417452.html,2019-09-04,15:19,$1650,Spring Lake Heights,True,None,1,None
New_Jersey,jerseyshore,jerseyshore,apa,6971412006,None,"DOG FRIENDLY, 1 BEDROOM, WINTER FURNISH RENTAL, VERY SPACIOUS:",https://jerseyshore.craigslist.org/apa/d/ocean-grove-dog-friendly-1-bedroom/6971412006.html,2019-09-04,15:13,$1300,Jersey Shore/Bradly Beach/Avon/Belmar/Ocean Grove,True,None,1,850ft2
New_Jersey,jerseyshore,jerseyshore,apa,6971348235,None,Pets Love It Here Too! Tour Today At The Pointe!,https://jerseyshore.craigslist.org/apa/d/neptune-pets-love-it-here-too-tour/6971348235.html,2019-09-04,14:05,$2155,None,True,None,None,None
New_Jersey,jerseyshore,jerseyshore,apa,6971297595,None,1bed/1bath apartment home! 24 hour fitness center & Concierge!,https://jerseyshore.craigslist.org/apa/d/matawan-1bed-1bath-apartment-home-24/6971297595.html,2019-09-04,13:13,$2010,Keyport,True,None,1,982ft2
New_Jersey,jerseyshore,jerseyshore,apa,6955151105,None,Sumac Street,https://jerseyshore.craigslist.org/apa/d/philadelphia-sumac-street/6955151105.html,2019-09-04,13:12,$1695,None,True,None,None,1200ft2
New_Jersey,jerseyshore,jerseyshore,apa,6962265602,4369585942,MANASQUAN BEACHSIDE WINTER RENTAL,https://jerseyshore.craigslist.org/apa/d/manasquan-manasquan-beachside-winter/6962265602.html,2019-09-04,12:51,$1500,Manasquan,True,None,3,None
New_Jersey,jerseyshore,jerseyshore,apa,6971274863,None,3 Bedroom 1 Bath Waterfront,https://jerseyshore.craigslist.org/apa/d/tuckerton-3-bedroom-1-bath-waterfront/6971274863.html,2019-09-04,12:49,$1600,Mystic Island,True,None,3,None
New_Jersey,jerseyshore,jerseyshore,apa,6952471427,None,Beautiful three bedroom house for rent,https://jerseyshore.craigslist.org/apa/d/jersey-city-beautiful-three-bedroom/6952471427.html,2019-09-04,12:39,$500,jersey shore,True,None,3,778ft2
New_Jersey,jerseyshore,jerseyshore,apa,6971263940,None,"Contemporary Finishes, Multiple Closets, Central AC",https://jerseyshore.craigslist.org/apa/d/spring-lake-contemporary-finishes/6971263940.html,2019-09-04,12:38,$1899,Spring Lake Heights,True,None,1,None
New_Jersey,jerseyshore,jerseyshore,apa,6971247307,None,Asbury Park Townhouse - Blocks from the Beach w/ Parking,https://jerseyshore.craigslist.org/apa/d/allenhurst-asbury-park-townhouse-blocks/6971247307.html,2019-09-04,12:21,$2950,Asbury Park,True,None,3,2008ft2
New_Jersey,jerseyshore,jerseyshore,apa,6971241620,None,Location! Location!,https://jerseyshore.craigslist.org/apa/d/ocean-grove-location-location/6971241620.html,2019-09-04,12:15,$1250,Asbury Park,True,None,1,None
New_Jersey,jerseyshore,jerseyshore,apa,6971214429,6507212380,$900 / 1br - Beautiful studio apartments for rent  (jackson),https://jerseyshore.craigslist.org/apa/d/cream-ridge-900-1br-beautiful-studio/6971214429.html,2019-09-04,12:07,$900,lakewood,False,None,None,None
New_Jersey,jerseyshore,jerseyshore,apa,6971225709,None,2 bedroom apt available now!!!!!,https://jerseyshore.craigslist.org/apa/d/atlantic-city-2-bedroom-apt-available/6971225709.html,2019-09-04,12:02,$1000,Atlantic City Nj,True,None,2,None
New_Jersey,jerseyshore,jerseyshore,apa,6971146411,None,OPEN HOUSE SUNDAY 11-4,https://jerseyshore.craigslist.org/apa/d/neptune-open-house-sunday-11-4/6971146411.html,2019-09-04,10:48,$1425,Neptune City,True,None,None,794ft2
New_Jersey,jerseyshore,jerseyshore,apa,6954799995,5768289824,Winter Rental - October though June,https://jerseyshore.craigslist.org/apa/d/seaside-heights-winter-rental-october/6954799995.html,2019-09-04,10:38,$1400,"Ortley Beach, NJ",True,None,2,800ft2
New_Jersey,jerseyshore,jerseyshore,apa,6950271388,5976436495,Gorgeous 3 bdrm 4 ba Townhouse,https://jerseyshore.craigslist.org/apa/d/eatontown-gorgeous-3-bdrm-4-ba-townhouse/6950271388.html,2019-09-04,10:11,$3175,Eatontown,True,None,3,2245ft2
New_Jersey,jerseyshore,jerseyshore,apa,6963088363,None,$3175 / 3br - 2245ft2 - Gorgeous 3 bdrm 4 ba Townhouse,https://jerseyshore.craigslist.org/apa/d/eatontown-br-ft2-gorgeous-3-bdrm-4-ba/6963088363.html,2019-09-04,10:10,$3175,Eatontown,True,None,3,2245ft2
New_Jersey,jerseyshore,jerseyshore,apa,6971120149,None,Move In NEXT WEEK! 2BR/2Bath GREAT VALUE!,https://jerseyshore.craigslist.org/apa/d/neptune-move-in-next-week-2br-2bath/6971120149.html,2019-09-04,09:59,$1875,None,True,None,None,None
New_Jersey,jerseyshore,jerseyshore,apa,6971106698,None,"DOG FRIENDLY, Winter 1 Bedroom Furnish Rental VERY SPACIOUS",https://jerseyshore.craigslist.org/apa/d/ocean-grove-dog-friendly-winter-1/6971106698.html,2019-09-04,09:40,$1300,Ocean Grove/Asbury Park NJ Shore,True,None,1,850ft2
New_Jersey,jerseyshore,jerseyshore,apa,6971097833,None,"Leasing Now, Storage, Hardwood Floors",https://jerseyshore.craigslist.org/apa/d/spring-lake-leasing-now-storage/6971097833.html,2019-09-04,09:27,$1650,Spring Lake Heights,True,None,1,None
New_Jersey,jerseyshore,jerseyshore,apa,6971078678,None,Enjoy Living In Coastal Township,https://jerseyshore.craigslist.org/apa/d/oakhurst-enjoy-living-in-coastal/6971078678.html,2019-09-04,09:04,$1085,"Ocean, NJ",True,None,1,None
New_Jersey,jerseyshore,jerseyshore,apa,6955383074,None,1 Bed Apt,https://jerseyshore.craigslist.org/apa/d/hoboken-1-bed-apt/6955383074.html,2019-09-04,08:47,$2500,hoboken,True,None,1,850ft2
New_Jersey,jerseyshore,jerseyshore,apa,6971051653,6788295468,"Stainless Steel Appliances, W/D in Apartment and much more! Apply Now!",https://jerseyshore.craigslist.org/apa/d/toms-river-stainless-steel-appliances-d/6971051653.html,2019-09-04,08:20,$2850,None,True,None,3,None
New_Jersey,jerseyshore,jerseyshore,apa,6971051919,6790637280,Beautiful 2 Bed 2 Bath! Pet Friendly!!,https://jerseyshore.craigslist.org/apa/d/toms-river-beautiful-2-bed-2-bath-pet/6971051919.html,2019-09-04,08:01,$2375,None,True,None,2,None
New_Jersey,jerseyshore,jerseyshore,apa,6971052349,6789794004,Pet Friendly! Call Today!,https://jerseyshore.craigslist.org/apa/d/toms-river-pet-friendly-call-today/6971052349.html,2019-09-04,07:54,$2895,None,True,None,3,None
New_Jersey,jerseyshore,jerseyshore,apa,6971048164,6508796595,Save Up To $2835 On Select Townhomes!,https://jerseyshore.craigslist.org/apa/d/cologne-save-up-to-2835-on-select/6971048164.html,2019-09-04,07:27,$0,Mays Landing,True,None,3,None
New_Jersey,jerseyshore,jerseyshore,apa,6971046529,6508796595,Save Up To $3224 On Select Apartments!,https://jerseyshore.craigslist.org/apa/d/cologne-save-up-to-3224-on-select/6971046529.html,2019-09-04,07:20,$0,Mays Landing,True,None,1,None
New_Jersey,jerseyshore,jerseyshore,apa,6971028815,None,Newly remodeled 3 bd 2 bath home,https://jerseyshore.craigslist.org/apa/d/denver-newly-remodeled-3-bd-2-bath-home/6971028815.html,2019-09-04,06:02,$2400,None,True,None,3,None
New_Jersey,jerseyshore,jerseyshore,apa,6955890146,None,Brand new apt,https://jerseyshore.craigslist.org/apa/d/long-branch-brand-new-apt/6955890146.html,2019-09-04,00:24,$1500,Long branch,True,None,1,700ft2
New_Jersey,jerseyshore,jerseyshore,apa,6970866670,None,Attractive Spacious 2br 2ba w/ Balcony Patio!!,https://jerseyshore.craigslist.org/apa/d/denver-attractive-spacious-2br-2ba/6970866670.html,2019-09-03,19:48,$1580,Denver,True,None,2,1017ft2
New_Jersey,jerseyshore,jerseyshore,apa,6970862348,None,$500 off a New Renovated Apartment? Take Advantage NOW!,https://jerseyshore.craigslist.org/apa/d/denver-500-off-new-renovated-apartment/6970862348.html,2019-09-03,19:41,$1540,Denver,True,None,2,923ft2
New_Jersey,jerseyshore,jerseyshore,apa,6970861308,None,Change your scenery!,https://jerseyshore.craigslist.org/apa/d/denver-change-your-scenery/6970861308.html,2019-09-03,19:40,$1230,Denver,True,None,1,750ft2
New_Jersey,jerseyshore,jerseyshore,apa,6970860219,None,Dazzling 1br 1ba W/ Balcony!,https://jerseyshore.craigslist.org/apa/d/denver-dazzling-1br-1ba-balcony/6970860219.html,2019-09-03,19:38,$1210,Denver,True,None,1,670ft2
New_Jersey,jerseyshore,jerseyshore,apa,6970839529,None,Apartment for rent,https://jerseyshore.craigslist.org/apa/d/ocean-gate-apartment-for-rent/6970839529.html,2019-09-03,19:06,$1350,Long. BRanch west end,False,None,1,None
New_Jersey,jerseyshore,jerseyshore,apa,6970699567,None,OPEN HOUSE SUNDAY 11-4,https://jerseyshore.craigslist.org/apa/d/neptune-open-house-sunday-11-4/6970699567.html,2019-09-03,16:21,$1425,Neptune City,True,None,None,794ft2
New_Jersey,jerseyshore,jerseyshore,apa,6970700431,None,Red Bank Year Round Rental,https://jerseyshore.craigslist.org/apa/d/red-bank-red-bank-year-round-rental/6970700431.html,2019-09-03,16:10,$2350,Red Bank,True,None,2,None
New_Jersey,jerseyshore,jerseyshore,apa,6970615153,None,Still time to enjoy the beach when you rent here!!,https://jerseyshore.craigslist.org/apa/d/neptune-still-time-to-enjoy-the-beach/6970615153.html,2019-09-03,14:37,$1695,None,True,None,1,None
New_Jersey,jerseyshore,jerseyshore,apa,6970609850,None,"Modern Appliances, Private Entrance, Picnic Area",https://jerseyshore.craigslist.org/apa/d/spring-lake-modern-appliances-private/6970609850.html,2019-09-03,14:32,$1650,Spring Lake Heights,True,None,1,None
New_Jersey,jerseyshore,jerseyshore,apa,6970543055,None,OPEN HOUSE SUNDAY 11-4,https://jerseyshore.craigslist.org/apa/d/neptune-open-house-sunday-11-4/6970543055.html,2019-09-03,14:03,$1425,Neptune City,True,None,None,794ft2
New_Jersey,jerseyshore,jerseyshore,apa,6970557639,None,KNOLLWOOD GARDENS/ 2 BEDROOMS/OCT. 1,https://jerseyshore.craigslist.org/apa/d/middletown-knollwood-gardens-2-bedrooms/6970557639.html,2019-09-03,13:39,$1480,"MIDDLETOWN, NJ",True,None,2,925ft2
New_Jersey,jerseyshore,jerseyshore,apa,6950861586,4802095080,Loft Tuckerton NJ,https://jerseyshore.craigslist.org/apa/d/tuckerton-loft-tuckerton-nj/6950861586.html,2019-09-03,13:25,$1675,Tuckerton,True,None,2,1667ft2
New_Jersey,jerseyshore,jerseyshore,apa,6970523027,None,"DOG FRIENDLY, 1 BEDROOM, WINTER FURNISH RENTAL,",https://jerseyshore.craigslist.org/apa/d/ocean-grove-dog-friendly-1-bedroom/6970523027.html,2019-09-03,13:05,$1300,Ocean Grove/Asbury Park NJ Shore,True,None,1,850ft2
New_Jersey,jerseyshore,jerseyshore,apa,6970520875,None,Sunset Suite-STUNNING VENTNOR REMODEL,https://jerseyshore.craigslist.org/apa/d/ventnor-city-sunset-suite-stunning/6970520875.html,2019-09-03,13:03,$1750,"Ventnor, Jersey Shore",True,None,4,1300ft2
New_Jersey,jerseyshore,jerseyshore,apa,6970480167,None,"Convenient Location, Some Utilities Included, Hardwood Floors",https://jerseyshore.craigslist.org/apa/d/spring-lake-convenient-location-some/6970480167.html,2019-09-03,12:22,$1899,Spring Lake Heights,True,None,1,None
New_Jersey,jerseyshore,jerseyshore,apa,6954243799,None,Lavallette 6 bedroom house,https://jerseyshore.craigslist.org/apa/d/seaside-heights-lavallette-6-bedroom/6954243799.html,2019-09-03,11:58,$1750,Lavallette,False,None,6,4000ft2
New_Jersey,jerseyshore,jerseyshore,apa,6970446629,None,Pet friendly! only 1BR left!! Hurry!!!,https://jerseyshore.craigslist.org/apa/d/neptune-pet-friendly-only-1br-left-hurry/6970446629.html,2019-09-03,11:48,$1875,None,True,None,None,None
New_Jersey,jerseyshore,jerseyshore,apa,6970441236,None,One and two bedrooms ready for rent! Come by now!!,https://jerseyshore.craigslist.org/apa/d/neptune-one-and-two-bedrooms-ready-for/6970441236.html,2019-09-03,11:43,$2155,None,True,None,None,None
New_Jersey,jerseyshore,jerseyshore,apa,6970386470,4879038032,Come Live at Sunrise Bay! Super Convenient Location!,https://jerseyshore.craigslist.org/apa/d/come-live-at-sunrise-bay-super/6970386470.html,2019-09-03,10:42,$0,Galloway,False,None,2,None
New_Jersey,jerseyshore,jerseyshore,apa,6970358082,None,Find your new home at The Edge! 1 bed/1bath with many upgrades!,https://jerseyshore.craigslist.org/apa/d/matawan-find-your-new-home-at-the-edge/6970358082.html,2019-09-03,10:06,$2010,Holmdel,True,None,1,982ft2
New_Jersey,jerseyshore,jerseyshore,apa,6970342747,5234851483,Winter Rental Beach Haven West,https://jerseyshore.craigslist.org/apa/d/winter-rental-beach-haven-west/6970342747.html,2019-09-03,09:44,$1600,Morris Blvd,False,None,4,None
New_Jersey,jerseyshore,jerseyshore,apa,6970333362,None,550 Cookman Apt Avail Oct 1st $2050,https://jerseyshore.craigslist.org/apa/d/asbury-park-550-cookman-apt-avail-oct/6970333362.html,2019-09-03,09:31,$2050,Asbury Park,True,None,2,1200ft2
New_Jersey,jerseyshore,jerseyshore,apa,6970324130,None,DISCOVER PLEASANT LIVING IN COASTAL TOWNSHIP,https://jerseyshore.craigslist.org/apa/d/oakhurst-discover-pleasant-living-in/6970324130.html,2019-09-03,09:26,$1085,"OCEAN, NJ",True,None,1,None
New_Jersey,jerseyshore,jerseyshore,apa,6970322326,None,"Lease Today, Laundry Room, Multiple Closets",https://jerseyshore.craigslist.org/apa/d/spring-lake-lease-today-laundry-room/6970322326.html,2019-09-03,09:14,$1650,Spring Lake Heights,True,None,1,None
New_Jersey,jerseyshore,jerseyshore,apa,6970302235,6783446288,Limited availability! Come look! Hurry!,https://jerseyshore.craigslist.org/apa/d/toms-river-limited-availability-come/6970302235.html,2019-09-03,09:13,$3295,None,True,None,3,None
New_Jersey,jerseyshore,jerseyshore,apa,6970301436,6789118894,2 BR 2 Bath Available!,https://jerseyshore.craigslist.org/apa/d/toms-river-2-br-2-bath-available/6970301436.html,2019-09-03,08:50,$2375,None,True,None,2,None
New_Jersey,jerseyshore,jerseyshore,apa,6970301794,6823127470,Now Showing! Come Tour! Call today!,https://jerseyshore.craigslist.org/apa/d/toms-river-now-showing-come-tour-call/6970301794.html,2019-09-03,08:42,$2850,None,True,None,3,None
New_Jersey,jerseyshore,jerseyshore,apa,6966674545,None,Studio -One Block to Beach,https://jerseyshore.craigslist.org/apa/d/ocean-grove-studio-one-block-to-beach/6966674545.html,2019-09-03,08:14,$1300,Ocean Grove,True,None,None,650ft2
New_Jersey,jerseyshore,jerseyshore,apa,6970284653,6508796595,Save Up To $2835 On Select Townhomes!,https://jerseyshore.craigslist.org/apa/d/cologne-save-up-to-2835-on-select/6970284653.html,2019-09-03,07:42,$0,Mays Landing,True,None,3,None
New_Jersey,jerseyshore,jerseyshore,apa,6970283877,6508796595,Save Up To $2835 On Select Townhomes!,https://jerseyshore.craigslist.org/apa/d/cologne-save-up-to-2835-on-select/6970283877.html,2019-09-03,07:39,$0,Mays Landing,True,None,3,None
New_Jersey,jerseyshore,jerseyshore,apa,6970283070,6508796595,Save Up To $3224 On Select Apartments!,https://jerseyshore.craigslist.org/apa/d/cologne-save-up-to-3224-on-select/6970283070.html,2019-09-03,07:37,$0,Mays Landing,True,None,1,None
New_Jersey,jerseyshore,jerseyshore,apa,6970149512,6934937605,2bd 1 bath Condo for rent!,https://jerseyshore.craigslist.org/apa/d/san-jose-2bd-1-bath-condo-for-rent/6970149512.html,2019-09-02,21:23,$2600,San Jose,True,None,2,903ft2
New_Jersey,jerseyshore,jerseyshore,apa,6957726407,6838278986,BAYHEAD BY THE SEA CONDO WINTER RENTAL,https://jerseyshore.craigslist.org/apa/d/point-pleasant-beach-bayhead-by-the-sea/6957726407.html,2019-09-02,21:08,$1250,POINT PLEASANT BEACH NJ,True,None,1,None
New_Jersey,jerseyshore,jerseyshore,apa,6970093128,None,Attractive Spacious 2br 2ba w/ Balcony Patio!!,https://jerseyshore.craigslist.org/apa/d/denver-attractive-spacious-2br-2ba/6970093128.html,2019-09-02,19:21,$1580,Denver,True,None,2,1017ft2
New_Jersey,jerseyshore,jerseyshore,apa,6970092067,None,Colorado Life with Prices You,https://jerseyshore.craigslist.org/apa/d/denver-colorado-life-with-prices-you/6970092067.html,2019-09-02,19:19,$1540,Denver,True,None,2,923ft2
New_Jersey,jerseyshore,jerseyshore,apa,6970091315,None,Alluring 1br 1ba w/ Balcony Washer and Dryer in Unit!,https://jerseyshore.craigslist.org/apa/d/denver-alluring-1br-1ba-balcony-washer/6970091315.html,2019-09-02,19:18,$1230,Denver,True,None,1,750ft2
New_Jersey,jerseyshore,jerseyshore,apa,6970087498,6705417429,Cozy One Bedroom in Atl. highlands hills,https://jerseyshore.craigslist.org/apa/d/navesink-cozy-one-bedroom-in-atl/6970087498.html,2019-09-02,19:17,$1600,Atlantic Highlands,False,None,1,900ft2
New_Jersey,jerseyshore,jerseyshore,apa,6970090576,None,$500 off a New Renovated Apartment? Take Advantage NOW!,https://jerseyshore.craigslist.org/apa/d/denver-500-off-new-renovated-apartment/6970090576.html,2019-09-02,19:16,$1210,Denver,True,None,1,670ft2
New_Jersey,jerseyshore,jerseyshore,apa,6970006937,None,2 room studio,https://jerseyshore.craigslist.org/apa/d/allenhurst-2-room-studio/6970006937.html,2019-09-02,17:07,$1125,Deal/Allenhurst area,True,None,None,None
New_Jersey,jerseyshore,jerseyshore,apa,6969924037,6508781401,Save Up To $3224 On Select Apartments!,https://jerseyshore.craigslist.org/apa/d/cologne-save-up-to-3224-on-select/6969924037.html,2019-09-02,15:17,$0,Mays Landing,True,None,2,None
New_Jersey,jerseyshore,jerseyshore,apa,6969923650,6508781401,Save Up To $3224 On Select Apartments!,https://jerseyshore.craigslist.org/apa/d/cologne-save-up-to-3224-on-select/6969923650.html,2019-09-02,15:17,$0,Mays Landing,True,None,2,None
New_Jersey,jerseyshore,jerseyshore,apa,6969912043,6508781401,Save Up To $3224 On Select Apartments!,https://jerseyshore.craigslist.org/apa/d/cologne-save-up-to-3224-on-select/6969912043.html,2019-09-02,15:03,$0,Mays Landing,True,None,2,None
New_Jersey,jerseyshore,jerseyshore,apa,6969905588,None,Elberon Townhome,https://jerseyshore.craigslist.org/apa/d/deal-elberon-townhome/6969905588.html,2019-09-02,14:55,$2200,Long Branch,True,None,3,1350ft2
New_Jersey,jerseyshore,jerseyshore,apa,6969871000,6783254592,Limited availability! Come look! Hurry! Going super fast!!,https://jerseyshore.craigslist.org/apa/d/toms-river-limited-availability-come/6969871000.html,2019-09-02,14:48,$2850,None,True,None,3,None
New_Jersey,jerseyshore,jerseyshore,apa,6969875246,6783446288,Brand New Luxury Community! Close to Everything!,https://jerseyshore.craigslist.org/apa/d/toms-river-brand-new-luxury-community/6969875246.html,2019-09-02,14:31,$3295,None,True,None,3,None
New_Jersey,jerseyshore,jerseyshore,apa,6969868296,None,831 CEDAR AVE.  END OF SUMMER SALE!!!!,https://jerseyshore.craigslist.org/apa/d/bensalem-831-cedar-ave-end-of-summer/6969868296.html,2019-09-02,14:09,$975,BENSALEM PA,True,None,1,None
New_Jersey,jerseyshore,jerseyshore,apa,6969827900,None,"Designer Fixtures, Picnic Area, Some Utilities Included",https://jerseyshore.craigslist.org/apa/d/spring-lake-designer-fixtures-picnic/6969827900.html,2019-09-02,13:38,$1650,Spring Lake Heights,True,None,1,None
New_Jersey,jerseyshore,jerseyshore,apa,6969827341,None,"Professionally Managed, Stainless Steel Appliances, Multiple Closets",https://jerseyshore.craigslist.org/apa/d/spring-lake-professionally-managed/6969827341.html,2019-09-02,13:21,$1899,Spring Lake Heights,True,None,1,None
New_Jersey,jerseyshore,jerseyshore,apa,6954639019,4877008481,"Recently Renovated, Very Large 2 BR Apt in Point Boro w/ great view",https://jerseyshore.craigslist.org/apa/d/brick-recently-renovated-very-large-2/6954639019.html,2019-09-02,11:57,$1490,Point Pleasant Boro,True,None,2,800ft2
New_Jersey,jerseyshore,jerseyshore,apa,6969754210,None,1 month free on 13 month lease! Don't miss out on this special offer!,https://jerseyshore.craigslist.org/apa/d/matawan-1-month-free-on-13-month-lease/6969754210.html,2019-09-02,11:55,$1995,Keyport,True,None,1,1003ft2
New_Jersey,jerseyshore,jerseyshore,apa,6969711084,None,2 bed room apt,https://jerseyshore.craigslist.org/apa/d/long-branch-2-bed-room-apt/6969711084.html,2019-09-02,11:00,$1400,Long Branch,False,None,None,1800ft2
New_Jersey,jerseyshore,jerseyshore,apa,6950593862,None,2 Bedroom 1 Bath Condo,https://jerseyshore.craigslist.org/apa/d/neptune-2-bedroom-1-bath-condo/6950593862.html,2019-09-02,09:58,$1650,Tinton Falls,True,None,2,None
New_Jersey,jerseyshore,jerseyshore,apa,6969663863,4879038032,BEST LOCATION! Sunrise Bay Apartments just minutes from AC & GSP!,https://jerseyshore.craigslist.org/apa/d/best-location-sunrise-bay-apartments/6969663863.html,2019-09-02,09:48,$0,Galloway,False,None,2,None
New_Jersey,jerseyshore,jerseyshore,apa,6967733773,6502185755,Save Up To $3224 On Select Apartments!,https://jerseyshore.craigslist.org/apa/d/cologne-save-up-to-3224-on-select/6967733773.html,2019-09-02,09:46,$0,"Mays Landing, NJ",True,None,1,None
New_Jersey,jerseyshore,jerseyshore,apa,6967735848,6502185755,Save Up To $3224 On Select Apartments!,https://jerseyshore.craigslist.org/apa/d/cologne-save-up-to-3224-on-select/6967735848.html,2019-09-02,09:46,$0,"Mays Landing, NJ",True,None,1,None
New_Jersey,jerseyshore,jerseyshore,apa,6969654376,None,Condo for Rent,https://jerseyshore.craigslist.org/apa/d/toms-river-condo-for-rent/6969654376.html,2019-09-02,09:30,$1475,Toms River (North Pointe Hollow),True,None,2,987ft2
New_Jersey,jerseyshore,jerseyshore,apa,6969599428,None,1 Bed room,https://jerseyshore.craigslist.org/apa/d/ocean-grove-1-bed-room/6969599428.html,2019-09-02,05:39,$1350,asbury park,True,None,2,None
New_Jersey,jerseyshore,jerseyshore,apa,6957831884,None,Now taking reservations for 2020 Summer Seasonal rent.,https://jerseyshore.craigslist.org/apa/d/wildwood-now-taking-reservations-for/6957831884.html,2019-09-02,00:00,$1200,Wildwood,False,None,None,None
New_Jersey,jerseyshore,jerseyshore,apa,6959613767,None,"1 bedroom 1 bathroom condo unit available $1,400",https://jerseyshore.craigslist.org/apa/d/keansburg-1-bedroom-1-bathroom-condo/6959613767.html,2019-09-01,18:47,$1400,Keansburg NJ,True,None,1,None
New_Jersey,jerseyshore,jerseyshore,apa,6969350582,None,"Cats Welcome, Full Appliance Package, W/D In Unit, Wooded views",https://jerseyshore.craigslist.org/apa/d/neptune-cats-welcome-full-appliance/6969350582.html,2019-09-01,16:15,$2155,None,True,None,None,None
New_Jersey,jerseyshore,jerseyshore,apa,6969308402,None,Experience Jumping Brook Apartments!,https://jerseyshore.craigslist.org/apa/d/neptune-experience-jumping-brook/6969308402.html,2019-09-01,15:15,$1425,Neptune City,True,None,None,794ft2
New_Jersey,jerseyshore,jerseyshore,apa,6969283999,None,Granite Counters and Full Sized Washer/Dryer! Tour Today!,https://jerseyshore.craigslist.org/apa/d/neptune-granite-counters-and-full-sized/6969283999.html,2019-09-01,14:33,$2155,None,True,None,None,None
New_Jersey,jerseyshore,jerseyshore,apa,6969247540,4660626429,"WINTER RENTAL ON LONG BEACH ISLAND, NJ BEAUTIFUL RAISED RANCH",https://jerseyshore.craigslist.org/apa/d/titusville-winter-rental-on-long-beach/6969247540.html,2019-09-01,13:40,$1000,Titusville,True,None,3,None
New_Jersey,jerseyshore,jerseyshore,apa,6969194977,None,Welcome To Your New Home!,https://jerseyshore.craigslist.org/apa/d/neptune-welcome-to-your-new-home/6969194977.html,2019-09-01,12:46,$1425,Neptune City,True,None,None,794ft2
New_Jersey,jerseyshore,jerseyshore,apa,6969192633,None,Get In Close To Jersey Shore Hot Spots! Apply In Person Or ONLINE!,https://jerseyshore.craigslist.org/apa/d/neptune-get-in-close-to-jersey-shore/6969192633.html,2019-09-01,12:19,$1875,None,True,None,None,None
New_Jersey,jerseyshore,jerseyshore,apa,6969182681,None,2 bedroom apt for rent section 8 only,https://jerseyshore.craigslist.org/apa/d/newark-2-bedroom-apt-for-rent-section-8/6969182681.html,2019-09-01,12:04,$1400,Downtown Newark,True,None,2,None
New_Jersey,jerseyshore,jerseyshore,apa,6969160490,6790637280,Beautiful 3 Bed 2.5 Bath! Pet Friendly!!,https://jerseyshore.craigslist.org/apa/d/toms-river-beautiful-3-bed-25-bath-pet/6969160490.html,2019-09-01,11:59,$2850,None,True,None,3,None
New_Jersey,jerseyshore,jerseyshore,apa,6969164984,6824777394,New Community offering 2 beds 2 baths! Hurry in!,https://jerseyshore.craigslist.org/apa/d/toms-river-new-community-offering-2/6969164984.html,2019-09-01,11:46,$2375,None,True,None,2,None
New_Jersey,jerseyshore,jerseyshore,apa,6960716337,None,Furnished Winter Rental- 1 Block to Beach!,https://jerseyshore.craigslist.org/apa/d/point-pleasant-beach-furnished-winter/6960716337.html,2019-09-01,11:35,$1200,Point Pleasant Beach,True,None,1,None
New_Jersey,jerseyshore,jerseyshore,apa,6969160045,6783446288,Limited availability! Come look! Hurry!,https://jerseyshore.craigslist.org/apa/d/toms-river-limited-availability-come/6969160045.html,2019-09-01,11:32,$3295,None,True,None,3,None
New_Jersey,jerseyshore,jerseyshore,apa,6969141537,4083827467,Renovated Victorian in Professional area,https://jerseyshore.craigslist.org/apa/d/shrewsbury-renovated-victorian-in/6969141537.html,2019-09-01,10:56,$1850,Red Bank,False,None,2,None
New_Jersey,jerseyshore,jerseyshore,apa,6967313754,None,Asbury Park Rental 2 Blocks to Beach!,https://jerseyshore.craigslist.org/apa/d/ocean-grove-asbury-park-rental-2-blocks/6967313754.html,2019-09-01,10:42,$2800,Asbury Park,True,None,3,1620ft2
New_Jersey,jerseyshore,jerseyshore,apa,6969128285,4879038032,BEST LOCATION! Sunrise Bay Apartments just minutes from AC & GSP!,https://jerseyshore.craigslist.org/apa/d/best-location-sunrise-bay-apartments/6969128285.html,2019-09-01,10:31,$0,Galloway,False,None,2,None
New_Jersey,jerseyshore,jerseyshore,apa,6949874658,4558184048,Large Clean 3 BR in nice section of Keansburg,https://jerseyshore.craigslist.org/apa/d/large-clean-3-br-in-nice-section-of/6949874658.html,2019-09-01,10:25,$1775,5 Stella Drive Keansburg 2nd floor,False,None,3,None
New_Jersey,jerseyshore,jerseyshore,apa,6963884392,None,OPEN HOUSE SUNDAY AUG 25 2:30 PM - 4:00 PM WELCOME HOME!,https://jerseyshore.craigslist.org/apa/d/sea-girt-open-house-sunday-aug-pm-pm/6963884392.html,2019-09-01,09:27,$940,"Sea Girt, NJ",True,None,2,None
New_Jersey,jerseyshore,jerseyshore,apa,6969085690,None,"Elgant location near Main Street with Concierge, gym & lounge!",https://jerseyshore.craigslist.org/apa/d/matawan-elgant-location-near-main/6969085690.html,2019-09-01,08:56,$2025,Atlantic Highlands,True,None,1,982ft2
New_Jersey,jerseyshore,jerseyshore,apa,6969066411,None,Recently renovated studio apartment,https://jerseyshore.craigslist.org/apa/d/seaside-heights-recently-renovated/6969066411.html,2019-09-01,07:45,$1100,Seaside Heights,False,None,None,None
New_Jersey,jerseyshore,jerseyshore,apa,6969065708,6502185755,Save Up To $2835 On Select Townhomes!,https://jerseyshore.craigslist.org/apa/d/cologne-save-up-to-2835-on-select/6969065708.html,2019-09-01,07:41,$0,"Mays Landing, NJ",True,None,3,None
New_Jersey,jerseyshore,jerseyshore,apa,6969065558,6500250022,Save Up To $3224 On Select Apartments!,https://jerseyshore.craigslist.org/apa/d/cologne-save-up-to-3224-on-select/6969065558.html,2019-09-01,07:40,$0,Mays Landing,True,None,1,None
New_Jersey,jerseyshore,jerseyshore,apa,6968869245,None,3 bedroom house,https://jerseyshore.craigslist.org/apa/d/waretown-3-bedroom-house/6968869245.html,2019-08-31,17:59,$900,Waretown,False,None,3,950ft2
New_Jersey,jerseyshore,jerseyshore,apa,6968853462,None,"Restaurants, Shopping, And More Miles From The Pointe!",https://jerseyshore.craigslist.org/apa/d/neptune-restaurants-shopping-and-more/6968853462.html,2019-08-31,17:32,$1875,None,True,None,None,None
New_Jersey,jerseyshore,jerseyshore,apa,6968623082,None,Pet Friendly 2 BR. RARE AVAILABILITY! Don't miss out!,https://jerseyshore.craigslist.org/apa/d/neptune-pet-friendly-2-br-rare/6968623082.html,2019-08-31,12:36,$1875,None,True,None,None,None
New_Jersey,jerseyshore,jerseyshore,apa,6968582848,None,Find your hotel style apartment at The Edge! Many amenities!,https://jerseyshore.craigslist.org/apa/d/matawan-find-your-hotel-style-apartment/6968582848.html,2019-08-31,11:50,$2010,Atlantic Highlands,True,None,1,977ft2
New_Jersey,jerseyshore,jerseyshore,apa,6947182024,None,Enjoy This Beautifully Updated Winter Rental for a Perfect Get-Away!,https://jerseyshore.craigslist.org/apa/d/asbury-park-enjoy-this-beautifully/6947182024.html,2019-08-31,11:46,$1000,"1505 Emory St, Asbury Park, NJ",True,None,3,1224ft2
New_Jersey,jerseyshore,jerseyshore,apa,6968534647,4879038032,Right Near AC! Come Live At Sunrise Bay!,https://jerseyshore.craigslist.org/apa/d/right-near-ac-come-live-at-sunrise-bay/6968534647.html,2019-08-31,10:48,$0,Galloway,False,None,2,None
New_Jersey,jerseyshore,jerseyshore,apa,6968533505,5598781736,Sunrise Bay Has Spacious Apartments & Townhomes! Check Us Out Today!,https://jerseyshore.craigslist.org/apa/d/sunrise-bay-has-spacious-apartments/6968533505.html,2019-08-31,10:47,$0,Galloway,False,None,2,None
New_Jersey,jerseyshore,jerseyshore,apa,6968521304,None,"Looking For Convenience? Well, Look NO MORE!Tour The Pointe TODAY!",https://jerseyshore.craigslist.org/apa/d/neptune-looking-for-convenience-well/6968521304.html,2019-08-31,10:29,$1875,None,True,None,None,None
New_Jersey,jerseyshore,jerseyshore,apa,6949803479,5127044435,WINTER RENTAL 1/2 Month free with 6 month  LEASE,https://jerseyshore.craigslist.org/apa/d/seaside-heights-winter-rental-1-2-month/6949803479.html,2019-08-31,10:13,$1450,61 Fielder Ave,True,None,3,None
New_Jersey,jerseyshore,jerseyshore,apa,6948776007,None,Located just two blocks from the beach and boardwalk and only a few st,https://jerseyshore.craigslist.org/apa/d/belmar-located-just-two-blocks-from-the/6948776007.html,2019-08-31,09:36,$2000,"Belmar, NJ",True,None,4,None
New_Jersey,jerseyshore,jerseyshore,apa,6947030833,None,"Adorable 2 bed, 1 bath in Beautiful Ocean City!",https://jerseyshore.craigslist.org/apa/d/ocean-city-adorable-2-bed-1-bath-in/6947030833.html,2019-08-31,08:21,$750,"Ocean City, NJ",True,None,2,None
New_Jersey,jerseyshore,jerseyshore,apa,6968439907,6824777451,Come home and experience the Gabrielle Run Lifestyle!,https://jerseyshore.craigslist.org/apa/d/toms-river-come-home-and-experience-the/6968439907.html,2019-08-31,07:49,$2850,None,True,None,3,None
New_Jersey,jerseyshore,jerseyshore,apa,6968438591,6783254592,Limited availability! Come look! Hurry! Going super fast!!,https://jerseyshore.craigslist.org/apa/d/toms-river-limited-availability-come/6968438591.html,2019-08-31,07:39,$2850,None,True,None,3,None
New_Jersey,jerseyshore,jerseyshore,apa,6968438738,6810826231,2 beds 2 baths! Pet friendly!,https://jerseyshore.craigslist.org/apa/d/toms-river-2-beds-2-baths-pet-friendly/6968438738.html,2019-08-31,07:30,$2375,None,True,None,2,None
New_Jersey,jerseyshore,jerseyshore,apa,6968428573,None,3 bed,https://jerseyshore.craigslist.org/apa/d/lanoka-harbor-3-bed/6968428573.html,2019-08-31,06:09,$1500,Forked river,False,None,3,1200ft2
New_Jersey,jerseyshore,jerseyshore,apa,6961987553,4827205469,Belmar Summer Rental 3 bedroom renovated private home,https://jerseyshore.craigslist.org/apa/d/belmar-summer-rental-3-bedroom/6961987553.html,2019-08-30,23:02,$21000,Belmar,True,None,3,1100ft2
New_Jersey,jerseyshore,jerseyshore,apa,6949666745,None,"$900 2 BR/1BATH CONDO, OC NJ WINTER RENTAL AVAIL 09/01/2019",https://jerseyshore.craigslist.org/apa/d/ocean-city-br-1bath-condo-oc-nj-winter/6949666745.html,2019-08-30,21:38,$900,OCEAN CITY,True,None,2,700ft2
New_Jersey,jerseyshore,jerseyshore,apa,6968319295,None,4 bedroom winter rental in Point Pleasant.,https://jerseyshore.craigslist.org/apa/d/point-pleasant-beach-4-bedroom-winter/6968319295.html,2019-08-30,21:25,$2000,Point Pleasant,True,None,None,None
New_Jersey,jerseyshore,jerseyshore,apa,6968145083,None,Pet friendly!! Come in this weekend to tour!!!!,https://jerseyshore.craigslist.org/apa/d/neptune-pet-friendly-come-in-this/6968145083.html,2019-08-30,16:35,$2155,None,True,None,None,None
New_Jersey,jerseyshore,jerseyshore,apa,6968132422,None,Labor day weekend!  Were open!! Come tour and apply,https://jerseyshore.craigslist.org/apa/d/neptune-labor-day-weekend-were-open/6968132422.html,2019-08-30,16:19,$1905,None,True,None,None,None
New_Jersey,jerseyshore,jerseyshore,apa,6968055020,None,"Professionally Managed, Some Utilities Included, Pool",https://jerseyshore.craigslist.org/apa/d/spring-lake-professionally-managed-some/6968055020.html,2019-08-30,14:48,$1650,Spring Lake Heights,True,None,1,None
New_Jersey,jerseyshore,jerseyshore,apa,6946981053,None,$1125/month Winter/ Off season Rental,https://jerseyshore.craigslist.org/apa/d/beach-haven-1125-month-winter-off/6946981053.html,2019-08-30,14:33,$1125,"Surf City, NJ",True,None,2,None
New_Jersey,jerseyshore,jerseyshore,apa,6948075339,None,One bedroom apartment for rent ALL UTILITIES INCLUDED,https://jerseyshore.craigslist.org/apa/d/jersey-city-one-bedroom-apartment-for/6948075339.html,2019-08-30,14:06,$725,jersey shore,True,None,1,None
New_Jersey,jerseyshore,jerseyshore,apa,6968002236,None,One Bedroom Apartment On The THIRD Floor!,https://jerseyshore.craigslist.org/apa/d/neptune-one-bedroom-apartment-on-the/6968002236.html,2019-08-30,14:03,$890,None,False,None,None,None
New_Jersey,jerseyshore,jerseyshore,apa,6968009969,None,"Apply Today, Near Garden State Parkway, Private Patio or Balcony",https://jerseyshore.craigslist.org/apa/d/brick-apply-today-near-garden-state/6968009969.html,2019-08-30,13:58,$1600,Toms River,True,None,2,950ft2
New_Jersey,jerseyshore,jerseyshore,apa,6966004804,5946184403,3 Bedroom Single Family Home,https://jerseyshore.craigslist.org/apa/d/3-bedroom-single-family-home/6966004804.html,2019-08-30,13:16,$1800,Keansburg,False,None,3,None
New_Jersey,jerseyshore,jerseyshore,apa,6946998222,4882628637,2 BR Available Across From Deal Lake,https://jerseyshore.craigslist.org/apa/d/allenhurst-2-br-available-across-from/6946998222.html,2019-08-30,12:50,$2006,426 Deal Lake Drive,True,None,2,775ft2
New_Jersey,jerseyshore,jerseyshore,apa,6946532666,4882628637,1 BR with Private Balcony on 7th Ave!,https://jerseyshore.craigslist.org/apa/d/allenhurst-1-br-with-private-balcony-on/6946532666.html,2019-08-30,12:50,$1581,319 7th Ave,True,None,1,725ft2
New_Jersey,jerseyshore,jerseyshore,apa,6967916248,None,"Perfect Location, Central AC, Classic Architecture",https://jerseyshore.craigslist.org/apa/d/spring-lake-perfect-location-central-ac/6967916248.html,2019-08-30,12:16,$1899,Spring Lake Heights,True,None,1,None
New_Jersey,jerseyshore,jerseyshore,apa,6967887242,None,2 Bedroom Apt for rent,https://jerseyshore.craigslist.org/apa/d/newark-2-bedroom-apt-for-rent/6967887242.html,2019-08-30,11:44,$1400,DOWNTOWN NEWARK,False,None,2,None
New_Jersey,jerseyshore,jerseyshore,apa,6967847205,None,1 Bedroom Luxury Apartment with a 24/7 Gym!,https://jerseyshore.craigslist.org/apa/d/matawan-1-bedroom-luxury-apartment-with/6967847205.html,2019-08-30,10:57,$2025,Atlantic Highlands,True,None,1,982ft2
New_Jersey,jerseyshore,jerseyshore,apa,6967825439,6905203052,228 Eggharbor City,https://jerseyshore.craigslist.org/apa/d/ocean-beach-228-eggharbor-city/6967825439.html,2019-08-30,10:41,$2200,Eggharbor city,False,None,4,1900ft2
New_Jersey,jerseyshore,jerseyshore,apa,6961162701,None,4br 3ba mother daughter house $3200,https://jerseyshore.craigslist.org/apa/d/keyport-4br-3ba-mother-daughter-house/6961162701.html,2019-08-30,10:22,$3200,Union Beach,False,None,4,2500ft2
New_Jersey,jerseyshore,jerseyshore,apa,6967819012,None,Two bedrooms here! Ready for rent! Apply online!!,https://jerseyshore.craigslist.org/apa/d/neptune-two-bedrooms-here-ready-for/6967819012.html,2019-08-30,10:21,$1875,None,True,None,None,None
New_Jersey,jerseyshore,jerseyshore,apa,6967812967,None,2 BR Cottage - Winter Rental,https://jerseyshore.craigslist.org/apa/d/belmar-2-br-cottage-winter-rental/6967812967.html,2019-08-30,10:13,$950,Belmar,True,None,2,600ft2
New_Jersey,jerseyshore,jerseyshore,apa,6952985861,None,FAIRVIEW VILLAGE APARTMENTS FOR RENT!!!,https://jerseyshore.craigslist.org/apa/d/saint-louis-fairview-village-apartments/6952985861.html,2019-08-30,10:10,$505,St. Louis,True,None,1,608ft2
New_Jersey,jerseyshore,jerseyshore,apa,6956463252,None,Winter rental  Beach front  2 br 1 ba,https://jerseyshore.craigslist.org/apa/d/ocean-city-winter-rental-beach-front-2/6956463252.html,2019-08-30,09:57,$800,Ocean City,True,None,2,None
New_Jersey,jerseyshore,jerseyshore,apa,6967793624,None,OPEN HOUSE SAT 10/5   11 to 3  Winter Rental - COMPLETLEY RENO APT,https://jerseyshore.craigslist.org/apa/d/belmar-open-house-sat-to-3-winter/6967793624.html,2019-08-30,09:45,$1050,Belmar,True,None,2,600ft2
New_Jersey,jerseyshore,jerseyshore,apa,6967782932,None,OPEN HOUSE SAT 10/5   11 to 3  Winter Rental - COMPLETLEY RENO APT,https://jerseyshore.craigslist.org/apa/d/belmar-open-house-sat-to-3-winter/6967782932.html,2019-08-30,09:27,$1050,Belmar,True,None,2,800ft2
New_Jersey,jerseyshore,jerseyshore,apa,6967779039,5875875490,1 bedroom available for rent,https://jerseyshore.craigslist.org/apa/d/toms-river-1-bedroom-available-for-rent/6967779039.html,2019-08-30,09:21,$1185,Toms River,True,None,1,730ft2
New_Jersey,jerseyshore,jerseyshore,apa,6967777488,None,"Modern Fixtures, Private Entrance, Brushed Nickel Hardware",https://jerseyshore.craigslist.org/apa/d/spring-lake-modern-fixtures-private/6967777488.html,2019-08-30,09:18,$1650,Spring Lake Heights,True,None,1,None
New_Jersey,jerseyshore,jerseyshore,apa,6959786623,None,Ocean Block Fall/Winter Rental,https://jerseyshore.craigslist.org/apa/d/seaside-heights-ocean-block-fall-winter/6959786623.html,2019-08-30,08:58,$1850,"Lavallette, NJ",True,None,3,None
New_Jersey,jerseyshore,jerseyshore,apa,6967755953,None,1 & 2 BEDROOM APARTMENTS AVAILABLE SEPTEMBER 15TH,https://jerseyshore.craigslist.org/apa/d/oakhurst-1-2-bedroom-apartments/6967755953.html,2019-08-30,08:37,$1085,"OCEAN, NJ",True,None,1,None
New_Jersey,jerseyshore,jerseyshore,apa,6967732779,6821519208,Experience the Gabrielle Run Lifestyle!,https://jerseyshore.craigslist.org/apa/d/toms-river-experience-the-gabrielle-run/6967732779.html,2019-08-30,07:31,$2375,None,True,None,2,None
New_Jersey,jerseyshore,jerseyshore,apa,6967733292,6812191193,Large 3 Bedroom 2.5 Bath in a pet friendly community!,https://jerseyshore.craigslist.org/apa/d/toms-river-large-3-bedroom-25-bath-in/6967733292.html,2019-08-30,07:23,$2850,None,True,None,3,None
New_Jersey,jerseyshore,jerseyshore,apa,6967732543,6823784376,Leasing now! Limited availability! Call to inquire!,https://jerseyshore.craigslist.org/apa/d/toms-river-leasing-now-limited/6967732543.html,2019-08-30,07:23,$2850,None,True,None,3,None
New_Jersey,jerseyshore,jerseyshore,apa,6967733428,6502185755,Save Up To $2835 On Select townhomes!,https://jerseyshore.craigslist.org/apa/d/cologne-save-up-to-2835-on-select/6967733428.html,2019-08-30,07:15,$0,"Mays Landing, NJ",True,None,3,None
New_Jersey,jerseyshore,jerseyshore,apa,6967577762,6099436408,Doors from Beach,https://jerseyshore.craigslist.org/apa/d/doors-from-beach/6967577762.html,2019-08-29,20:02,$1300,Ocean Grove,True,None,1,360ft2
New_Jersey,jerseyshore,jerseyshore,apa,6967507950,None,2 Bed 2 Bath Luxury Garden Apartments at The Pointe!,https://jerseyshore.craigslist.org/apa/d/neptune-2-bed-2-bath-luxury-garden/6967507950.html,2019-08-29,18:08,$2155,None,True,None,None,None
New_Jersey,jerseyshore,jerseyshore,apa,6963112256,4464571806,NJ SHORE Furnished one bedroom $899,https://jerseyshore.craigslist.org/apa/d/nj-shore-furnished-one-bedroom-899/6963112256.html,2019-08-29,16:34,$899,Ocean Grove,False,None,1,750ft2
New_Jersey,jerseyshore,jerseyshore,apa,6967431956,None,"Pet Friendly Community That You'll All Love, At The Pointe!!",https://jerseyshore.craigslist.org/apa/d/neptune-pet-friendly-community-that/6967431956.html,2019-08-29,16:27,$2155,None,True,None,None,None
New_Jersey,jerseyshore,jerseyshore,apa,6967408033,None,3 Bed 2.5 Bath,https://jerseyshore.craigslist.org/apa/d/jackson-3-bed-25-bath/6967408033.html,2019-08-29,15:58,$2800,Jackson NJ,True,None,3,1465ft2
New_Jersey,jerseyshore,jerseyshore,apa,6967394567,None,OPEN HOUSE SUNDAY 11-4,https://jerseyshore.craigslist.org/apa/d/neptune-open-house-sunday-11-4/6967394567.html,2019-08-29,15:53,$1675,Neptune City,True,None,2,929ft2
New_Jersey,jerseyshore,jerseyshore,apa,6946555450,4882628637,Top Floor 1 BR on Quiet 7th Avenue,https://jerseyshore.craigslist.org/apa/d/allenhurst-top-floor-1-br-on-quiet-7th/6946555450.html,2019-08-29,15:25,$1555,320 7th Avenue,True,None,1,725ft2
New_Jersey,jerseyshore,jerseyshore,apa,6967335047,None,"Schedule a Tour, Stainless Steel Appliances, Storage",https://jerseyshore.craigslist.org/apa/d/spring-lake-schedule-tour-stainless/6967335047.html,2019-08-29,14:32,$1650,Spring Lake Heights,True,None,1,None
New_Jersey,jerseyshore,jerseyshore,apa,6962591912,None,Winter Rental: 2 bedroom apartment,https://jerseyshore.craigslist.org/apa/d/belmar-winter-rental-2-bedroom-apartment/6962591912.html,2019-08-29,14:05,$1375,Belmar,True,None,2,None
New_Jersey,jerseyshore,jerseyshore,apa,6967281241,None,"Private Balcony, Nice Dining Area, Great Townhouse",https://jerseyshore.craigslist.org/apa/d/brick-private-balcony-nice-dining-area/6967281241.html,2019-08-29,13:33,$1600,Toms River,True,None,2,950ft2
New_Jersey,jerseyshore,jerseyshore,apa,6965577914,5155702720,Basement Studio Apartment for Rent,https://jerseyshore.craigslist.org/apa/d/basement-studio-apartment-for-rent/6965577914.html,2019-08-29,13:15,$1200,Wall,True,None,1,None
New_Jersey,jerseyshore,jerseyshore,apa,6960368290,5155702720,Studio Basement Apartment for Rent/Utilities included,https://jerseyshore.craigslist.org/apa/d/belmar-studio-basement-apartment-for/6960368290.html,2019-08-29,13:13,$1200,Wall,True,None,1,None
New_Jersey,jerseyshore,jerseyshore,apa,6967247588,None,"Contemporary Design, Hardwood Floors, Brushed Nickel Hardware",https://jerseyshore.craigslist.org/apa/d/spring-lake-contemporary-design/6967247588.html,2019-08-29,12:55,$1899,Spring Lake Heights,True,None,1,None
New_Jersey,jerseyshore,jerseyshore,apa,6967244637,6226699448,Furnished Room,https://jerseyshore.craigslist.org/apa/d/furnished-room/6967244637.html,2019-08-29,12:52,$500,Bayville,False,None,1,None
New_Jersey,jerseyshore,jerseyshore,apa,6946705781,None,Colleyville Remodeled Home for Rent,https://jerseyshore.craigslist.org/apa/d/colleyville-colleyville-remodeled-home/6946705781.html,2019-08-29,12:03,$1900,Colleyville,True,None,3,1568ft2
New_Jersey,jerseyshore,jerseyshore,apa,6967173911,None,OPEN HOUSE SUNDAY 11-4,https://jerseyshore.craigslist.org/apa/d/neptune-open-house-sunday-11-4/6967173911.html,2019-08-29,11:51,$1425,Neptune City,True,None,None,794ft2
New_Jersey,jerseyshore,jerseyshore,apa,6967163843,None,"House For Rent (Standalone w/ yard), Belford [2 Bed, 2 Full Bath]",https://jerseyshore.craigslist.org/apa/d/belford-house-for-rent-standalone-yard/6967163843.html,2019-08-29,11:19,$2150,Belford,True,None,2,997ft2
New_Jersey,jerseyshore,jerseyshore,apa,6967150114,None,"New 3 bed, 2 full bath annual rental",https://jerseyshore.craigslist.org/apa/d/rumson-new-3-bed-2-full-bath-annual/6967150114.html,2019-08-29,11:03,$3600,Sea Bright,True,None,3,None
New_Jersey,jerseyshore,jerseyshore,apa,6967150004,None,Brand new modern building with 1& 2 bedroom units for immediate lease!,https://jerseyshore.craigslist.org/apa/d/matawan-brand-new-modern-building-with/6967150004.html,2019-08-29,11:02,$1970,holmdel,True,None,1,962ft2
New_Jersey,jerseyshore,jerseyshore,apa,6967115019,None,2 BR In Great Area! Close to ALL MAJOR HIGHWAYS!,https://jerseyshore.craigslist.org/apa/d/neptune-2-br-in-great-area-close-to-all/6967115019.html,2019-08-29,10:17,$1875,None,True,None,None,None
New_Jersey,jerseyshore,jerseyshore,apa,6967082149,None,"Modern Appliances, Pool, Central AC",https://jerseyshore.craigslist.org/apa/d/spring-lake-modern-appliances-pool/6967082149.html,2019-08-29,09:28,$1650,Spring Lake Heights,True,None,1,None
New_Jersey,jerseyshore,jerseyshore,apa,6946391762,None,Start looking for your Winter Rental NOW,https://jerseyshore.craigslist.org/apa/d/seaside-heights-start-looking-for-your/6946391762.html,2019-08-29,09:22,$320,Seaside Heights,False,None,1,None
New_Jersey,jerseyshore,jerseyshore,apa,6967038799,6817504738,Pet Friendly! Come take a tour! Limited availability!,https://jerseyshore.craigslist.org/apa/d/toms-river-pet-friendly-come-take-tour/6967038799.html,2019-08-29,08:39,$2850,None,True,None,3,None
New_Jersey,jerseyshore,jerseyshore,apa,6967054400,None,1 & 2 BEDROOM APARTMENTS AVAILABLE,https://jerseyshore.craigslist.org/apa/d/oakhurst-1-2-bedroom-apartments/6967054400.html,2019-08-29,08:39,$1085,"OCEAN, NJ",True,None,1,None
New_Jersey,jerseyshore,jerseyshore,apa,6967053882,None,1 1/2 Blocks to Beach!,https://jerseyshore.craigslist.org/apa/d/bradley-beach-blocks-to-beach/6967053882.html,2019-08-29,08:28,$1300,Bradley Beach,True,None,1,None
New_Jersey,jerseyshore,jerseyshore,apa,6967051735,None,"DOG FRIENDLY, 1 BEDROOM, WINTER FURNISH RENTAL,",https://jerseyshore.craigslist.org/apa/d/ocean-grove-dog-friendly-1-bedroom/6967051735.html,2019-08-29,08:21,$1300,Ocean Grove/Asbury Park NJ Shore,True,None,1,850ft2
New_Jersey,jerseyshore,jerseyshore,apa,6947164254,4900257710,Bartlett Landing - Townhouse,https://jerseyshore.craigslist.org/apa/d/tuckerton-bartlett-landing-townhouse/6947164254.html,2019-08-29,08:21,$1715,Tuckerton,True,None,2,1749ft2
New_Jersey,jerseyshore,jerseyshore,apa,6967038549,6788295468,"Stainless Steel Appliances, W/D in Apartment and much more! Apply Now!",https://jerseyshore.craigslist.org/apa/d/toms-river-stainless-steel-appliances-d/6967038549.html,2019-08-29,07:59,$2100,None,True,None,2,None
New_Jersey,jerseyshore,jerseyshore,apa,6967039360,6816861062,Leasing Now!!! Limited Availability!,https://jerseyshore.craigslist.org/apa/d/toms-river-leasing-now-limited/6967039360.html,2019-08-29,07:54,$2375,None,True,None,2,None
New_Jersey,jerseyshore,jerseyshore,apa,6967041476,6502185755,Save Up To $3224 On Select Apartments!,https://jerseyshore.craigslist.org/apa/d/cologne-save-up-to-3224-on-select/6967041476.html,2019-08-29,07:49,$0,"Mays Landing, NJ",True,None,1,None
New_Jersey,jerseyshore,jerseyshore,apa,6967041340,6502185755,Save Up To $2835 On Select Townhomes!,https://jerseyshore.craigslist.org/apa/d/cologne-save-up-to-2835-on-select/6967041340.html,2019-08-29,07:49,$0,"Mays Landing, NJ",True,None,3,None
New_Jersey,jerseyshore,jerseyshore,apa,6967040353,6502185755,Save Up To $2835 On Select Townhomes!,https://jerseyshore.craigslist.org/apa/d/cologne-save-up-to-2835-on-select/6967040353.html,2019-08-29,07:45,$0,"Mays Landing, NJ",True,None,3,None
New_Jersey,jerseyshore,jerseyshore,apa,6967018696,None,3 bed one bath garage,https://jerseyshore.craigslist.org/apa/d/lanoka-harbor-3-bed-one-bath-garage/6967018696.html,2019-08-29,05:29,$1500,Forked river,False,None,3,1200ft2
New_Jersey,jerseyshore,jerseyshore,apa,6966990294,None,$1400 / 2br - 2 bedroom apt for rent section 8 only,https://jerseyshore.craigslist.org/apa/d/newark-br-2-bedroom-apt-for-rent/6966990294.html,2019-08-29,01:17,$1400,Downtown Newark),False,None,2,None
New_Jersey,jerseyshore,jerseyshore,apa,6960417432,None,Studio studio,https://jerseyshore.craigslist.org/apa/d/elizabeth-studio-studio/6960417432.html,2019-08-28,21:51,$875,Elizabeth,False,None,None,None
New_Jersey,jerseyshore,jerseyshore,apa,6963701178,None,Ortley Beach on the bay,https://jerseyshore.craigslist.org/apa/d/seaside-heights-ortley-beach-on-the-bay/6963701178.html,2019-08-28,21:47,$1000,Ortley Beach,True,None,1,500ft2
New_Jersey,jerseyshore,jerseyshore,apa,6966899482,None,4 Bedroom ranch 2350,https://jerseyshore.craigslist.org/apa/d/ocean-gate-4-bedroom-ranch-2350/6966899482.html,2019-08-28,20:53,$2350,Beachwood,True,None,4,1700ft2
New_Jersey,jerseyshore,jerseyshore,apa,6945614243,5409780277,PRIVATE OWNER CURRENTLY 2-6 BEDROOMS AVAIL IN NORTHUMBERLAND COUNTY,https://jerseyshore.craigslist.org/apa/d/private-owner-currently-2-6-bedrooms/6945614243.html,2019-08-28,20:19,$595,PETS OK-GARAGE-LRG YARD-FREE RENT!,True,None,6,None
New_Jersey,jerseyshore,jerseyshore,apa,6945522615,None,"Welcome home: fall/winter rental, everything included, ocean views!",https://jerseyshore.craigslist.org/apa/d/ocean-grove-welcome-home-fall-winter/6945522615.html,2019-08-28,19:24,$1450,"Ocean Grove, NJ",True,None,1,650ft2
New_Jersey,jerseyshore,jerseyshore,apa,6945476425,None,Winter rental-all utilities and internet included-first beach block!,https://jerseyshore.craigslist.org/apa/d/ocean-grove-winter-rental-all-utilities/6945476425.html,2019-08-28,19:23,$1600,"Ocean Grove, NJ",True,None,2,719ft2
New_Jersey,jerseyshore,jerseyshore,apa,6955941921,None,Winter Rental 1 bedroom,https://jerseyshore.craigslist.org/apa/d/spring-lake-winter-rental-1-bedroom/6955941921.html,2019-08-28,19:13,$1000,Spring Lake Heights,True,None,1,None
New_Jersey,jerseyshore,jerseyshore,apa,6960919925,5740645578,"Winter Rental!!!!  4 Bedroom, 2 Bath w/Fenced Yard",https://jerseyshore.craigslist.org/apa/d/brick-winter-rental-4-bedroom-2-bath/6960919925.html,2019-08-28,17:49,$1595,Brick,True,None,4,None
New_Jersey,jerseyshore,jerseyshore,apa,6966720435,None,OPEN HOUSE SUNDAY 11-4,https://jerseyshore.craigslist.org/apa/d/neptune-open-house-sunday-11-4/6966720435.html,2019-08-28,16:29,$1425,Neptune City,True,None,None,794ft2
New_Jersey,jerseyshore,jerseyshore,apa,6966679530,None,Jersey Shore Hotspots Just Miles Away! Apply Online Today!,https://jerseyshore.craigslist.org/apa/d/neptune-jersey-shore-hotspots-just/6966679530.html,2019-08-28,15:36,$1875,None,True,None,None,None
New_Jersey,jerseyshore,jerseyshore,apa,6966655820,None,1934 82nd Street,https://jerseyshore.craigslist.org/apa/d/brooklyn-nd-street/6966655820.html,2019-08-28,15:09,$1800,Brooklyn,True,None,2,700ft2
New_Jersey,jerseyshore,jerseyshore,apa,6966611376,None,"Modern Fixtures, Upgraded Kitchen, Laundry Room",https://jerseyshore.craigslist.org/apa/d/spring-lake-modern-fixtures-upgraded/6966611376.html,2019-08-28,14:19,$1650,Spring Lake Heights,True,None,1,None
New_Jersey,jerseyshore,jerseyshore,apa,6966607689,None,Winter Rental,https://jerseyshore.craigslist.org/apa/d/belmar-winter-rental/6966607689.html,2019-08-28,14:15,$1350,Spring Lake NJ,True,None,2,None
New_Jersey,jerseyshore,jerseyshore,apa,6966591685,None,"Pet Friendly Community That You'll All Love, At The Pointe!!",https://jerseyshore.craigslist.org/apa/d/neptune-pet-friendly-community-that/6966591685.html,2019-08-28,13:57,$1875,None,True,None,None,None
New_Jersey,jerseyshore,jerseyshore,apa,6966584690,None,"Contemporary Finishes, Multiple Closets, Central AC",https://jerseyshore.craigslist.org/apa/d/spring-lake-contemporary-finishes/6966584690.html,2019-08-28,13:49,$1899,Spring Lake Heights,True,None,1,None
New_Jersey,jerseyshore,jerseyshore,apa,6947166640,6657887488,Annual Rental- Gorgeous New Construction Rear House- 2 blocks to beach,https://jerseyshore.craigslist.org/apa/d/bradley-beach-annual-rental-gorgeous/6947166640.html,2019-08-28,13:38,$1650,Bradley Beach,True,None,1,None
New_Jersey,jerseyshore,jerseyshore,apa,6966555477,None,"View Today, Extra Storage Options, Large Bedrooms, Pets OK",https://jerseyshore.craigslist.org/apa/d/brick-view-today-extra-storage-options/6966555477.html,2019-08-28,13:18,$1595,Toms River,True,None,2,950ft2
New_Jersey,jerseyshore,jerseyshore,apa,6966534930,None,2 Bed 2 Bath 1st Floor Condo,https://jerseyshore.craigslist.org/apa/d/keyport-2-bed-2-bath-1st-floor-condo/6966534930.html,2019-08-28,12:56,$1950,"Keyport, NJ",True,None,2,1126ft2
New_Jersey,jerseyshore,jerseyshore,apa,6957235819,None,Ortley Beach on the Bay,https://jerseyshore.craigslist.org/apa/d/seaside-heights-ortley-beach-on-the-bay/6957235819.html,2019-08-28,12:11,$1000,Ortley Beach,True,None,1,500ft2
New_Jersey,jerseyshore,jerseyshore,apa,6966466689,None,2 BED/2 BATH! Awesome value! GREAT Location!,https://jerseyshore.craigslist.org/apa/d/neptune-2-bed-2-bath-awesome-value/6966466689.html,2019-08-28,11:42,$1875,None,True,None,None,None
New_Jersey,jerseyshore,jerseyshore,apa,6966456559,None,1 Bedroom Luxury Apartment with a 24/7 Gym!,https://jerseyshore.craigslist.org/apa/d/matawan-1-bedroom-luxury-apartment-with/6966456559.html,2019-08-28,11:31,$2010,Atlantic Highlands,True,None,1,982ft2
New_Jersey,jerseyshore,jerseyshore,apa,6966455707,None,4 BR/2 BA,https://jerseyshore.craigslist.org/apa/d/oceanville-4-br-2-ba/6966455707.html,2019-08-28,11:30,$2300,Galloway,True,None,4,1900ft2
New_Jersey,jerseyshore,jerseyshore,apa,6966449314,4878299673,WALK TO TRAIN STATION - SPACIOUS UPGRADED ONE BEDROOM,https://jerseyshore.craigslist.org/apa/d/highland-park-walk-to-train-station/6966449314.html,2019-08-28,11:23,$1660,Highland Park,False,None,1,800ft2
New_Jersey,jerseyshore,jerseyshore,apa,6966448866,4878299673,WALK TO TRAIN STATION - SPACIOUS UPGRADED ONE BEDROOM,https://jerseyshore.craigslist.org/apa/d/highland-park-walk-to-train-station/6966448866.html,2019-08-28,11:23,$1660,Highland Park,False,None,1,800ft2
New_Jersey,jerseyshore,jerseyshore,apa,6946003187,None,Charming 2 bed 1 bath Cottage in St Johns!,https://jerseyshore.craigslist.org/apa/d/portland-charming-2-bed-1-bath-cottage/6946003187.html,2019-08-28,11:01,$1695,None,True,None,2,None
New_Jersey,jerseyshore,jerseyshore,apa,6966421562,None,Adorable 1 Bedroom RENT Red Bank,https://jerseyshore.craigslist.org/apa/d/red-bank-adorable-1-bedroom-rent-red/6966421562.html,2019-08-28,10:51,$1250,Red Bank,True,None,1,550ft2
New_Jersey,jerseyshore,jerseyshore,apa,6966394132,None,Annual or Winter Rental,https://jerseyshore.craigslist.org/apa/d/neptune-annual-or-winter-rental/6966394132.html,2019-08-28,10:17,$2300,Neptune City,True,None,2,None
New_Jersey,jerseyshore,jerseyshore,apa,6966375274,None,OPEN HOUSE SUNDAY 11-4,https://jerseyshore.craigslist.org/apa/d/neptune-open-house-sunday-11-4/6966375274.html,2019-08-28,10:12,$1425,Neptune City,True,None,None,794ft2
New_Jersey,jerseyshore,jerseyshore,apa,6966368969,4879038032,Sunrise Bay is Close to Many Things!,https://jerseyshore.craigslist.org/apa/d/sunrise-bay-is-close-to-many-things/6966368969.html,2019-08-28,10:02,$0,Galloway,False,None,2,None
New_Jersey,jerseyshore,jerseyshore,apa,6966368643,5598781736,Sunrise Bay Has Spacious Apartments & Townhomes! Check Us Out Today!,https://jerseyshore.craigslist.org/apa/d/sunrise-bay-has-spacious-apartments/6966368643.html,2019-08-28,09:49,$0,Galloway,False,None,2,None
New_Jersey,jerseyshore,jerseyshore,apa,6966353088,None,"Leasing Now, Storage, Hardwood Floors",https://jerseyshore.craigslist.org/apa/d/spring-lake-leasing-now-storage/6966353088.html,2019-08-28,09:19,$1650,Spring Lake Heights,True,None,1,None
New_Jersey,jerseyshore,jerseyshore,apa,6966318253,6783927347,"Everything you need, all right here!",https://jerseyshore.craigslist.org/apa/d/toms-river-everything-you-need-all/6966318253.html,2019-08-28,08:46,$2895,None,True,None,3,None
New_Jersey,jerseyshore,jerseyshore,apa,6966318659,6779031374,Look no further come in and tour our brand new community!,https://jerseyshore.craigslist.org/apa/d/toms-river-look-no-further-come-in-and/6966318659.html,2019-08-28,08:09,$2375,None,True,None,2,None
New_Jersey,jerseyshore,jerseyshore,apa,6966320725,6500250022,Save Up To $3224 On Select Apartments!,https://jerseyshore.craigslist.org/apa/d/cologne-save-up-to-3224-on-select/6966320725.html,2019-08-28,08:06,$0,Mays Landing,True,None,1,None
New_Jersey,jerseyshore,jerseyshore,apa,6966320307,6502185755,Save Up To $3224 On Select Townhomes!,https://jerseyshore.craigslist.org/apa/d/cologne-save-up-to-3224-on-select/6966320307.html,2019-08-28,08:05,$0,"Mays Landing, NJ",True,None,3,None
New_Jersey,jerseyshore,jerseyshore,apa,6966317731,6812191193,Large 3 Bedroom 2.5 Bath in a pet friendly community!,https://jerseyshore.craigslist.org/apa/d/toms-river-large-3-bedroom-25-bath-in/6966317731.html,2019-08-28,08:05,$2850,None,True,None,3,None
New_Jersey,jerseyshore,jerseyshore,apa,6960216422,None,Ortley Beach on the Bay,https://jerseyshore.craigslist.org/apa/d/seaside-heights-ortley-beach-on-the-bay/6960216422.html,2019-08-28,06:21,$1000,Ortley Beach,True,None,1,500ft2
New_Jersey,jerseyshore,jerseyshore,apa,6966219494,4635640970,GREAT WINTER RENTAL-FURNISHED-OCEAN FRONT - CLOSE TO STOCKTON!,https://jerseyshore.craigslist.org/apa/d/margate-city-great-winter-rental/6966219494.html,2019-08-27,22:43,$850,Melrose Park,True,None,1,None
New_Jersey,jerseyshore,jerseyshore,apa,6966201999,None,Winter Rental Spring Lake,https://jerseyshore.craigslist.org/apa/d/spring-lake-winter-rental-spring-lake/6966201999.html,2019-08-27,22:01,$1350,Spring Lake,True,None,2,None
New_Jersey,jerseyshore,jerseyshore,apa,6966165571,None,Ortley Beach on the Bay,https://jerseyshore.craigslist.org/apa/d/seaside-heights-ortley-beach-on-the-bay/6966165571.html,2019-08-27,20:47,$1000,Ortley Beach,True,None,1,500ft2
New_Jersey,jerseyshore,jerseyshore,apa,6966165238,None,1 BR Beach Cottage,https://jerseyshore.craigslist.org/apa/d/allenhurst-1-br-beach-cottage/6966165238.html,2019-08-27,20:46,$1800,Loch Arbour,True,None,1,None
New_Jersey,jerseyshore,jerseyshore,apa,6966013333,None,Two bedrooms renovated! Not here for long! Lease now!,https://jerseyshore.craigslist.org/apa/d/neptune-two-bedrooms-renovated-not-here/6966013333.html,2019-08-27,17:00,$2155,None,True,None,None,None
New_Jersey,jerseyshore,jerseyshore,apa,6966000141,None,OPEN HOUSE SUNDAY 11-4,https://jerseyshore.craigslist.org/apa/d/neptune-open-house-sunday-11-4/6966000141.html,2019-08-27,16:54,$1425,Neptune City,True,None,None,794ft2
New_Jersey,jerseyshore,jerseyshore,apa,6965976636,None,Renovated One Bedroom for Rent,https://jerseyshore.craigslist.org/apa/d/long-branch-renovated-one-bedroom-for/6965976636.html,2019-08-27,16:17,$1500,Long Branch,False,None,1,None
New_Jersey,jerseyshore,jerseyshore,apa,6965973672,None,Renovated 2 Bedroom Apartment for Rent,https://jerseyshore.craigslist.org/apa/d/long-branch-renovated-2-bedroom/6965973672.html,2019-08-27,16:14,$1700,Long branch,False,None,2,None
New_Jersey,jerseyshore,jerseyshore,apa,6965936516,None,"Two bedrooms close to everything needed! Shopping, parkway, etc!",https://jerseyshore.craigslist.org/apa/d/neptune-two-bedrooms-close-to/6965936516.html,2019-08-27,15:31,$2155,None,True,None,None,None
New_Jersey,jerseyshore,jerseyshore,apa,6965880371,None,"Modern Appliances, Private Entrance, Picnic Area",https://jerseyshore.craigslist.org/apa/d/spring-lake-modern-appliances-private/6965880371.html,2019-08-27,14:29,$1650,Spring Lake Heights,True,None,1,None
New_Jersey,jerseyshore,jerseyshore,apa,6960632673,None,Ortley Beach Bay Side,https://jerseyshore.craigslist.org/apa/d/seaside-heights-ortley-beach-bay-side/6960632673.html,2019-08-27,14:13,$1000,Ortley Beach,True,None,1,500ft2
New_Jersey,jerseyshore,jerseyshore,apa,6965850815,6712664411,SEASIDE PARK,https://jerseyshore.craigslist.org/apa/d/seaside-heights-seaside-park/6965850815.html,2019-08-27,13:57,$900,Seaside Park,True,None,1,None
New_Jersey,jerseyshore,jerseyshore,apa,6965837257,None,"Beautiful Views, Great Closet Space, Minutes to Cattus Isl County Park",https://jerseyshore.craigslist.org/apa/d/brick-beautiful-views-great-closet/6965837257.html,2019-08-27,13:43,$1595,Toms River,True,None,2,950ft2
New_Jersey,jerseyshore,jerseyshore,apa,6952935619,6669599885,Margate 2 Bedroom Rental,https://jerseyshore.craigslist.org/apa/d/margate-city-margate-2-bedroom-rental/6952935619.html,2019-08-27,13:40,$1325,Harding Avenue,True,None,2,None
New_Jersey,jerseyshore,jerseyshore,apa,6965805218,None,"Convenient Location, Some Utilities Included, Hardwood Floors",https://jerseyshore.craigslist.org/apa/d/spring-lake-convenient-location-some/6965805218.html,2019-08-27,13:09,$1899,Spring Lake Heights,True,None,1,None
New_Jersey,jerseyshore,jerseyshore,apa,6965794947,None,duplex first floor home in waterfront community,https://jerseyshore.craigslist.org/apa/d/toms-river-duplex-first-floor-home-in/6965794947.html,2019-08-27,12:59,$1500,toms river,True,None,3,None
New_Jersey,jerseyshore,jerseyshore,apa,6957788947,None,- Must see waterfront ranch,https://jerseyshore.craigslist.org/apa/d/lanoka-harbor-must-see-waterfront-ranch/6957788947.html,2019-08-27,12:54,$2199,Forked River,True,None,3,None
New_Jersey,jerseyshore,jerseyshore,apa,6944683845,None,UTILITY'S INCLUDED  WINTER RENTAL  (5) HOUSES to BEACH,https://jerseyshore.craigslist.org/apa/d/seaside-heights-utilitys-included/6944683845.html,2019-08-27,11:26,$1500,SEASIDE HEIGHTS   NORTH END,True,None,3,1600ft2
New_Jersey,jerseyshore,jerseyshore,apa,6965674877,None,2 Bedroom 2 Bath with Pool Table & 24/7 Gym!,https://jerseyshore.craigslist.org/apa/d/matawan-2-bedroom-2-bath-with-pool/6965674877.html,2019-08-27,10:49,$2310,Old Bridge,True,None,2,1300ft2
New_Jersey,jerseyshore,jerseyshore,apa,6965673781,None,Pet can come along! We're pet friendly! Tour now!!,https://jerseyshore.craigslist.org/apa/d/neptune-pet-can-come-along-were-pet/6965673781.html,2019-08-27,10:48,$2155,None,True,None,None,None
New_Jersey,jerseyshore,jerseyshore,apa,6945621428,4873274379,winter rental lg 3 bdrm 3 blocks to beach 9/19/19-7/31/20,https://jerseyshore.craigslist.org/apa/d/bradley-beach-winter-rental-lg-3-bdrm-3/6945621428.html,2019-08-27,10:38,$2500,Bradley Beach,True,None,3,2250ft2
New_Jersey,jerseyshore,jerseyshore,apa,6965636506,None,OPEN HOUSE SUNDAY 11-4,https://jerseyshore.craigslist.org/apa/d/neptune-open-house-sunday-11-4/6965636506.html,2019-08-27,10:17,$1425,Neptune City,True,None,None,794ft2
New_Jersey,jerseyshore,jerseyshore,apa,6965637455,4879038032,Convenient Location! Near AC Expressway & GSP! Check Out Sunrise Bay,https://jerseyshore.craigslist.org/apa/d/convenient-location-near-ac-expressway/6965637455.html,2019-08-27,10:02,$0,Galloway,False,None,2,None
New_Jersey,jerseyshore,jerseyshore,apa,6965619723,None,"Lease Today, Laundry Room, Multiple Closets",https://jerseyshore.craigslist.org/apa/d/spring-lake-lease-today-laundry-room/6965619723.html,2019-08-27,09:37,$1650,Spring Lake Heights,True,None,1,None
New_Jersey,jerseyshore,jerseyshore,apa,6965568524,6789118894,3 BR 2.5 Bath Available! Call for More!,https://jerseyshore.craigslist.org/apa/d/toms-river-3-br-25-bath-available-call/6965568524.html,2019-08-27,08:02,$2850,None,True,None,3,None
New_Jersey,jerseyshore,jerseyshore,apa,6965569074,6821519208,Experience the Gabrielle Run Lifestyle!,https://jerseyshore.craigslist.org/apa/d/toms-river-experience-the-gabrielle-run/6965569074.html,2019-08-27,08:02,$2375,None,True,None,2,None
New_Jersey,jerseyshore,jerseyshore,apa,6965573092,6906879299,2 Bedroom Beautiful Brigantine Rental,https://jerseyshore.craigslist.org/apa/d/atlantic-city-2-bedroom-beautiful/6965573092.html,2019-08-27,07:58,$1495,Brigantine,True,None,2,None
New_Jersey,jerseyshore,jerseyshore,apa,6965568804,6810826231,2 beds 2 baths! Pet friendly!,https://jerseyshore.craigslist.org/apa/d/toms-river-2-beds-2-baths-pet-friendly/6965568804.html,2019-08-27,07:53,$2100,None,True,None,2,None
New_Jersey,jerseyshore,jerseyshore,apa,6965567149,6550809194,Save Up To $3224 On Select Townhomes!,https://jerseyshore.craigslist.org/apa/d/cologne-save-up-to-3224-on-select/6965567149.html,2019-08-27,07:37,$0,Mays Landing,True,None,3,None
New_Jersey,jerseyshore,jerseyshore,apa,6965567036,6497833098,Save Up To $3224 On Select Apartments!,https://jerseyshore.craigslist.org/apa/d/cologne-save-up-to-3224-on-select/6965567036.html,2019-08-27,07:37,$0,Mays Landing,True,None,1,None
New_Jersey,jerseyshore,jerseyshore,apa,6944205473,6832731742,WINTER RENTAL - Newly Remodeled Two-Bedroom 2.5 Blocks From The Beach,https://jerseyshore.craigslist.org/apa/d/ocean-grove-winter-rental-newly/6944205473.html,2019-08-27,01:06,$1750,"Ocean Grove, NJ",True,None,None,None
New_Jersey,jerseyshore,jerseyshore,apa,6954328359,3156730949,3BR/2BA Winter Rental in Belmar/Lake Como,https://jerseyshore.craigslist.org/apa/d/3br-2ba-winter-rental-in-belmar-lake/6954328359.html,2019-08-26,21:01,$1795,lake como,True,None,3,None
New_Jersey,jerseyshore,jerseyshore,apa,6956164888,None,Ortley Beach on the Bay,https://jerseyshore.craigslist.org/apa/d/seaside-heights-ortley-beach-on-the-bay/6956164888.html,2019-08-26,19:25,$1000,Ortley Beach,True,None,1,500ft2
New_Jersey,jerseyshore,jerseyshore,apa,6965334783,None,Nice 2 bedroom condo sec 8 ok,https://jerseyshore.craigslist.org/apa/d/brick-nice-2-bedroom-condo-sec-8-ok/6965334783.html,2019-08-26,18:55,$1400,Brick,False,None,2,900ft2
New_Jersey,jerseyshore,jerseyshore,apa,6965292727,None,Experience Jumping Brook today! Applying is as easy as 1.2.3.,https://jerseyshore.craigslist.org/apa/d/neptune-experience-jumping-brook-today/6965292727.html,2019-08-26,18:18,$1425,Neptune City,True,None,None,794ft2
New_Jersey,jerseyshore,jerseyshore,apa,6945821523,None,1 Bedroom apartment available!,https://jerseyshore.craigslist.org/apa/d/matawan-1-bedroom-apartment-available/6945821523.html,2019-08-26,16:13,$1440,"Matawan, NJ",True,None,1,700ft2
New_Jersey,jerseyshore,jerseyshore,apa,6965180418,None,"Dogs, Cats, Bring Them Both! Pet Friendly Community!",https://jerseyshore.craigslist.org/apa/d/neptune-dogs-cats-bring-them-both-pet/6965180418.html,2019-08-26,15:31,$1875,None,True,None,None,None
New_Jersey,jerseyshore,jerseyshore,apa,6965165369,4729676103,Annual Oceanfront Rental,https://jerseyshore.craigslist.org/apa/d/monmouth-beach-annual-oceanfront-rental/6965165369.html,2019-08-26,15:15,$2300,Monmouth Beach,True,None,2,None
New_Jersey,jerseyshore,jerseyshore,apa,6965138785,6805936010,Luxury All Around! Bring Your Pets!,https://jerseyshore.craigslist.org/apa/d/toms-river-luxury-all-around-bring-your/6965138785.html,2019-08-26,15:12,$2375,None,True,None,2,None
New_Jersey,jerseyshore,jerseyshore,apa,6965127271,6813814668,Pet Friendly! All brand new! Come take a tour now!,https://jerseyshore.craigslist.org/apa/d/toms-river-pet-friendly-all-brand-new/6965127271.html,2019-08-26,15:05,$2850,None,True,None,3,None
New_Jersey,jerseyshore,jerseyshore,apa,6965129492,6810826231,Large 2 Bedroom 2 Bath in a pet friendly community!,https://jerseyshore.craigslist.org/apa/d/toms-river-large-2-bedroom-2-bath-in/6965129492.html,2019-08-26,14:59,$2100,None,True,None,2,None
New_Jersey,jerseyshore,jerseyshore,apa,6965123013,None,**$300 off 1st Month** 2 Bedroom 2 Bath! Ready for Move In!!,https://jerseyshore.craigslist.org/apa/d/orlando-300-off-1st-month-2-bedroom-2/6965123013.html,2019-08-26,14:41,$1199,"5300 Lake Margaret Dr Orlando, FL",True,None,2,923ft2
New_Jersey,jerseyshore,jerseyshore,apa,6944722180,None,Large 3 Bedroom Apartment (Long Term Rental),https://jerseyshore.craigslist.org/apa/d/long-branch-large-3-bedroom-apartment/6944722180.html,2019-08-26,14:40,$2300,Long Branch,True,None,3,1500ft2
New_Jersey,jerseyshore,jerseyshore,apa,6965114238,None,"Leasing Now, Pool, Landscaped Grounds",https://jerseyshore.craigslist.org/apa/d/spring-lake-leasing-now-pool-landscaped/6965114238.html,2019-08-26,14:22,$1650,Spring Lake Heights,True,None,1,None
New_Jersey,jerseyshore,jerseyshore,apa,6952900273,None,Just 1.5 blocks to the beach,https://jerseyshore.craigslist.org/apa/d/stone-harbor-just-15-blocks-to-the-beach/6952900273.html,2019-08-26,13:58,$400,stone harbor nj,True,None,4,None
New_Jersey,jerseyshore,jerseyshore,apa,6965074161,None,MOVE IN READY!!! $300 OFF 1ST MONTH RENT!!,https://jerseyshore.craigslist.org/apa/d/orlando-move-in-ready-300-off-1st-month/6965074161.html,2019-08-26,13:48,$1104,"5300 Lake Margaret Dr Orlando, FL",True,None,1,767ft2
New_Jersey,jerseyshore,jerseyshore,apa,6963525354,None,WINTER RENTAL INCLUDES UTILITY'S (5) HOUSES to BEACH SLEEPS (6),https://jerseyshore.craigslist.org/apa/d/seaside-heights-winter-rental-includes/6963525354.html,2019-08-26,13:46,$1500,SEASIDE HEIGHTS - NORTH END,True,None,3,1600ft2
New_Jersey,jerseyshore,jerseyshore,apa,6965049526,None,"Available Now, Open Kitchen, Near Ocean County College",https://jerseyshore.craigslist.org/apa/d/brick-available-now-open-kitchen-near/6965049526.html,2019-08-26,13:17,$1630,Toms River,True,None,2,950ft2
New_Jersey,jerseyshore,jerseyshore,apa,6964997383,None,"Professionally Managed, Stainless Steel Appliances, Multiple Closets",https://jerseyshore.craigslist.org/apa/d/spring-lake-professionally-managed/6964997383.html,2019-08-26,12:26,$1899,Spring Lake Heights,True,None,1,None
New_Jersey,jerseyshore,jerseyshore,apa,6957079636,6652936021,Spectacular unobstructed WATER VIEWS from Living Room & MBR balconies,https://jerseyshore.craigslist.org/apa/d/neptune-spectacular-unobstructed-water/6957079636.html,2019-08-26,11:45,$2600,Belmar Neptune,True,None,3,None
New_Jersey,jerseyshore,jerseyshore,apa,6964940789,None,Looking for A Bigger Place…Try Us On For Size! RARE 2BR/2BATH,https://jerseyshore.craigslist.org/apa/d/neptune-looking-for-bigger-placetry-us/6964940789.html,2019-08-26,11:29,$1875,None,True,None,None,None
New_Jersey,jerseyshore,jerseyshore,apa,6945497844,6707316243,OCEANFRONT Winter Rental- Furnished Studio $1200 util incll,https://jerseyshore.craigslist.org/apa/d/ocean-grove-oceanfront-winter-rental/6945497844.html,2019-08-26,10:11,$1200,ocean grove,True,None,None,None
New_Jersey,jerseyshore,jerseyshore,apa,6964846967,None,Experience Jumping Brook Apartments Today!,https://jerseyshore.craigslist.org/apa/d/neptune-experience-jumping-brook/6964846967.html,2019-08-26,09:50,$1425,Neptune City,True,None,None,794ft2
New_Jersey,jerseyshore,jerseyshore,apa,6964823410,None,Winter Rental,https://jerseyshore.craigslist.org/apa/d/lavallette-winter-rental/6964823410.html,2019-08-26,09:48,$1000,Lavallette area,True,None,2,None
New_Jersey,jerseyshore,jerseyshore,apa,6964837263,None,Discover Pleasant Living in the Coastal Township of Ocean,https://jerseyshore.craigslist.org/apa/d/oakhurst-discover-pleasant-living-in/6964837263.html,2019-08-26,09:44,$1085,"Ocean, NJ",True,None,1,None
New_Jersey,jerseyshore,jerseyshore,apa,6964837439,None,1 month free on 13-17 month lease! Select units/limited time!,https://jerseyshore.craigslist.org/apa/d/matawan-1-month-free-on-month-lease/6964837439.html,2019-08-26,09:24,$1980,Atlantic Highlands,True,None,1,1003ft2
New_Jersey,jerseyshore,jerseyshore,apa,6944071666,None,Annual Rental- LARGE Renovated Studio-2 blocks to Beach,https://jerseyshore.craigslist.org/apa/d/asbury-park-annual-rental-large/6944071666.html,2019-08-26,09:09,$1250,Asbury Park,True,None,None,None
New_Jersey,jerseyshore,jerseyshore,apa,6964812129,None,Winter Rental  $1100  Oct - May,https://jerseyshore.craigslist.org/apa/d/seaside-heights-winter-rental-1100-oct/6964812129.html,2019-08-26,08:39,$1100,Seaside Heights,True,None,2,None
New_Jersey,jerseyshore,jerseyshore,apa,6964805210,None,Brand new Winter Rental Oct-May,https://jerseyshore.craigslist.org/apa/d/seaside-heights-brand-new-winter-rental/6964805210.html,2019-08-26,08:22,$1100,Seaside Heights,True,None,2,None
New_Jersey,jerseyshore,jerseyshore,apa,6964796405,None,house for rent,https://jerseyshore.craigslist.org/apa/d/ocean-gate-house-for-rent/6964796405.html,2019-08-26,07:59,$1799,Bayville,False,None,3,1300ft2
New_Jersey,jerseyshore,jerseyshore,apa,6964788506,6500258140,Save Up To $2835 On Select Townhomes!,https://jerseyshore.craigslist.org/apa/d/cologne-save-up-to-2835-on-select/6964788506.html,2019-08-26,07:29,$0,None,True,None,3,None
New_Jersey,jerseyshore,jerseyshore,apa,6954561783,None,Adorable Little Ranch,https://jerseyshore.craigslist.org/apa/d/brigantine-adorable-little-ranch/6954561783.html,2019-08-26,07:28,$1200,Brigantine,False,None,2,None
New_Jersey,jerseyshore,jerseyshore,apa,6964787633,6500258140,Save Up To $3224 On Select Apartments!,https://jerseyshore.craigslist.org/apa/d/cologne-save-up-to-3224-on-select/6964787633.html,2019-08-26,07:26,$0,None,True,None,1,None
New_Jersey,jerseyshore,jerseyshore,apa,6964771875,None,"DOG FRIENDLY, 1 BEDROOM, WINTER FURNISH RENTAL,",https://jerseyshore.craigslist.org/apa/d/ocean-grove-dog-friendly-1-bedroom/6964771875.html,2019-08-26,05:47,$1300,Ocean Grove/Asbury Park NJ Shore,True,None,1,850ft2
New_Jersey,jerseyshore,jerseyshore,apa,6964707976,None,3BR/2Bath Condo,https://jerseyshore.craigslist.org/apa/d/ocean-grove-3br-2bath-condo/6964707976.html,2019-08-25,23:07,$2275,Neptune Township,True,None,3,1650ft2
New_Jersey,jerseyshore,jerseyshore,apa,6964680664,None,Great Home! quiet and like new Must see,https://jerseyshore.craigslist.org/apa/d/tuckerton-great-home-quiet-and-like-new/6964680664.html,2019-08-25,21:56,$1000,Tuckerton,True,None,2,None
New_Jersey,jerseyshore,jerseyshore,apa,6964676219,None,Great Homes! Affordable- quiet and like new Must see,https://jerseyshore.craigslist.org/apa/d/tuckerton-great-homes-affordable-quiet/6964676219.html,2019-08-25,21:46,$900,Tuckerton,True,None,2,700ft2
New_Jersey,jerseyshore,jerseyshore,apa,6964646766,None,2 bedroom apt for rent,https://jerseyshore.craigslist.org/apa/d/philadelphia-2-bedroom-apt-for-rent/6964646766.html,2019-08-25,20:41,$1100,northwood section philly,True,None,2,None
New_Jersey,jerseyshore,jerseyshore,apa,6964606993,None,FIREPLACE AVAILABLE! WARM UP IN A NEW HOME,https://jerseyshore.craigslist.org/apa/d/neptune-fireplace-available-warm-up-in/6964606993.html,2019-08-25,20:23,$1010,None,False,None,None,None
New_Jersey,jerseyshore,jerseyshore,apa,6964597255,None,Sublease,https://jerseyshore.craigslist.org/apa/d/mays-landing-sublease/6964597255.html,2019-08-25,19:08,$886,Mays Landing,False,None,2,None
New_Jersey,jerseyshore,jerseyshore,apa,6964569738,None,TWO NICE CLEAN HOMES IN PINE LAKE PARK,https://jerseyshore.craigslist.org/apa/d/toms-river-two-nice-clean-homes-in-pine/6964569738.html,2019-08-25,18:21,$1775,MANCHESTER TWP (TOMS RIVER - MANCHESTER,True,None,3,None
New_Jersey,jerseyshore,jerseyshore,apa,6944778363,None,Ocean City NJ Winter rental,https://jerseyshore.craigslist.org/apa/d/strathmere-ocean-city-nj-winter-rental/6944778363.html,2019-08-25,17:11,$980,"Ocean City, NJ",True,None,None,None
New_Jersey,jerseyshore,jerseyshore,apa,6964520561,None,Winter Rental Spring Lake NJ,https://jerseyshore.craigslist.org/apa/d/spring-lake-winter-rental-spring-lake-nj/6964520561.html,2019-08-25,17:04,$1400,Spring Lake N J,True,None,2,None
New_Jersey,jerseyshore,jerseyshore,apa,6956155563,None,Ortley Beach in the bay,https://jerseyshore.craigslist.org/apa/d/seaside-heights-ortley-beach-in-the-bay/6956155563.html,2019-08-25,16:38,$1000,Ortley Beach,True,None,1,500ft2
New_Jersey,jerseyshore,jerseyshore,apa,6964479546,None,2 Bed 2 Bath Luxury Garden Apartments at The Pointe!,https://jerseyshore.craigslist.org/apa/d/neptune-2-bed-2-bath-luxury-garden/6964479546.html,2019-08-25,16:05,$2155,None,True,None,None,None
New_Jersey,jerseyshore,jerseyshore,apa,6942976529,None,Ocean Grove Year Round Rental - HUGE 2 Bedroom,https://jerseyshore.craigslist.org/apa/d/ocean-grove-ocean-grove-year-round/6942976529.html,2019-08-25,15:33,$1950,Ocean Grove,True,None,2,1000ft2
New_Jersey,jerseyshore,jerseyshore,apa,6964446720,None,Experience Jumping Apartments!,https://jerseyshore.craigslist.org/apa/d/neptune-experience-jumping-apartments/6964446720.html,2019-08-25,15:30,$1425,Neptune City,True,None,None,794ft2
New_Jersey,jerseyshore,jerseyshore,apa,6964417823,None,We love your pets too! Check out The Pointe's pet friendly community!,https://jerseyshore.craigslist.org/apa/d/neptune-we-love-your-pets-too-check-out/6964417823.html,2019-08-25,14:40,$1875,None,True,None,None,None
New_Jersey,jerseyshore,jerseyshore,apa,6964316644,6822287437,Great Location! Brand New! Call For Details!,https://jerseyshore.craigslist.org/apa/d/toms-river-great-location-brand-new/6964316644.html,2019-08-25,12:51,$2850,None,True,None,3,None
New_Jersey,jerseyshore,jerseyshore,apa,6964317486,6779031374,Touring! Come See! Pet Friendly!,https://jerseyshore.craigslist.org/apa/d/toms-river-touring-come-see-pet-friendly/6964317486.html,2019-08-25,12:51,$2100,None,True,None,2,None
New_Jersey,jerseyshore,jerseyshore,apa,6964319944,6816861062,Call for availability! Come in for a tour! Check us out!,https://jerseyshore.craigslist.org/apa/d/toms-river-call-for-availability-come/6964319944.html,2019-08-25,12:46,$2375,None,True,None,2,None
New_Jersey,jerseyshore,jerseyshore,apa,6964295299,None,Welcome To Your New Home!,https://jerseyshore.craigslist.org/apa/d/neptune-welcome-to-your-new-home/6964295299.html,2019-08-25,12:31,$1425,Neptune City,True,None,None,794ft2
New_Jersey,jerseyshore,jerseyshore,apa,6964317099,None,Love the Jersey Shore? Live just miles away at The Pointe!,https://jerseyshore.craigslist.org/apa/d/neptune-love-the-jersey-shore-live-just/6964317099.html,2019-08-25,12:24,$1875,None,True,None,None,None
New_Jersey,jerseyshore,jerseyshore,apa,6964294401,None,2 small bedroom cottage,https://jerseyshore.craigslist.org/apa/d/bradley-beach-2-small-bedroom-cottage/6964294401.html,2019-08-25,11:51,$1100,Bradley beach,False,None,2,750ft2
New_Jersey,jerseyshore,jerseyshore,apa,6964288677,6935820173,"Do not look past this two bedroom in Matawan, NJ!",https://jerseyshore.craigslist.org/apa/d/matawan-do-not-look-past-this-two/6964288677.html,2019-08-25,11:43,$2310,Manalapan,True,None,2,1300ft2
New_Jersey,jerseyshore,jerseyshore,apa,6964286050,None,1 Bedroom Luxury Apartment with Concierge Service call now!,https://jerseyshore.craigslist.org/apa/d/matawan-1-bedroom-luxury-apartment-with/6964286050.html,2019-08-25,11:39,$2010,Keyport,True,None,1,982ft2
New_Jersey,jerseyshore,jerseyshore,apa,6964282069,None,3br 1 bath,https://jerseyshore.craigslist.org/apa/d/belmar-3br-1-bath/6964282069.html,2019-08-25,11:33,$2000,Belmar NJ,False,None,None,None
New_Jersey,jerseyshore,jerseyshore,apa,6964269332,6929707421,1 Bedroom + Loft for rent,https://jerseyshore.craigslist.org/apa/d/shrewsbury-1-bedroom-loft-for-rent/6964269332.html,2019-08-25,11:13,$1600,Red Bank,True,None,1,900ft2
New_Jersey,jerseyshore,jerseyshore,apa,6964210286,None,3 Bedroom 1 Bath Waterfront,https://jerseyshore.craigslist.org/apa/d/tuckerton-3-bedroom-1-bath-waterfront/6964210286.html,2019-08-25,09:22,$1600,Mystic Island,True,None,3,None
New_Jersey,jerseyshore,jerseyshore,apa,6964178371,6495121703,Save Up To $3224 On Select Apartments!,https://jerseyshore.craigslist.org/apa/d/cologne-save-up-to-3224-on-select/6964178371.html,2019-08-25,07:40,$0,None,True,None,1,None
New_Jersey,jerseyshore,jerseyshore,apa,6964177162,6495121703,Save Up To $3224 On Select Apartments!,https://jerseyshore.craigslist.org/apa/d/cologne-save-up-to-3224-on-select/6964177162.html,2019-08-25,07:34,$0,None,True,None,1,None
New_Jersey,jerseyshore,jerseyshore,apa,6964177109,6495121703,Save Up To $2835 On Select Townhomes!,https://jerseyshore.craigslist.org/apa/d/cologne-save-up-to-2835-on-select/6964177109.html,2019-08-25,07:34,$0,None,True,None,3,None
New_Jersey,jerseyshore,jerseyshore,apa,6942706723,6865245494,SCAM SCAM SCAM / 3br - 1500ft2 - Brigantine house 3 bedroom/2bathroom,https://jerseyshore.craigslist.org/apa/d/brigantine-scam-scam-scam-3br-ft2/6942706723.html,2019-08-25,05:25,$3500,Brigantine,True,None,3,None
New_Jersey,jerseyshore,jerseyshore,apa,6964130935,None,Highlands Townhouse,https://jerseyshore.craigslist.org/apa/d/highlands-highlands-townhouse/6964130935.html,2019-08-25,00:40,$2250,Highlands - Shore Drive,False,None,2,1636ft2
New_Jersey,jerseyshore,jerseyshore,apa,6964084536,None,4 bedroom 2bath,https://jerseyshore.craigslist.org/apa/d/toms-river-4-bedroom-2bath/6964084536.html,2019-08-24,22:47,$2000,Toms river,True,None,4,1530ft2
New_Jersey,jerseyshore,jerseyshore,apa,6964020615,None,2 Months free on an 18-24 month lease select units only!,https://jerseyshore.craigslist.org/apa/d/matawan-2-months-free-on-an-month-lease/6964020615.html,2019-08-24,19:29,$2310,Asbury Park,True,None,2,1300ft2
New_Jersey,jerseyshore,jerseyshore,apa,6963954536,None,2 Bed 2 Bath Luxury Garden Apartments at The Pointe!,https://jerseyshore.craigslist.org/apa/d/neptune-2-bed-2-bath-luxury-garden/6963954536.html,2019-08-24,17:36,$1875,None,True,None,None,None
New_Jersey,jerseyshore,jerseyshore,apa,6942810869,5409780277,PRIVATE OWNER CURRENTLY 2-6 BEDROOMS AVAIL IN NORTHUMBERLAND COUNTY,https://jerseyshore.craigslist.org/apa/d/private-owner-currently-2-6-bedrooms/6942810869.html,2019-08-24,17:22,$595,PETS OK-GARAGE-LRG YARD-FREE RENT!,True,None,6,None
New_Jersey,jerseyshore,jerseyshore,apa,6963922731,None,"Live Miles From Beaches, Shopping, and More at The Pointe!",https://jerseyshore.craigslist.org/apa/d/neptune-live-miles-from-beaches/6963922731.html,2019-08-24,16:51,$1875,None,True,None,None,None
New_Jersey,jerseyshore,jerseyshore,apa,6963826328,6201623045,Large Waterfront Townhome,https://jerseyshore.craigslist.org/apa/d/large-waterfront-townhome/6963826328.html,2019-08-24,14:49,$3950,Red Bank,True,None,3,None
New_Jersey,jerseyshore,jerseyshore,apa,6963764341,None,"Pets Welcome, Minutes to Cattus Island County Park, Nice Dining Area",https://jerseyshore.craigslist.org/apa/d/brick-pets-welcome-minutes-to-cattus/6963764341.html,2019-08-24,13:40,$1625,Toms River,True,None,2,950ft2
New_Jersey,jerseyshore,jerseyshore,apa,6945739739,4645518510,WINTER RENTAL; 2 blocks to beach & 1/2 block to lake,https://jerseyshore.craigslist.org/apa/d/belmar-winter-rental-2-blocks-to-beach/6945739739.html,2019-08-24,13:27,$1050,"BELMAR, NJ",True,None,1,700ft2
New_Jersey,jerseyshore,jerseyshore,apa,6963634347,6816861062,Leasing Now!!! Limited Availability!,https://jerseyshore.craigslist.org/apa/d/toms-river-leasing-now-limited/6963634347.html,2019-08-24,11:40,$2100,None,True,None,2,None
New_Jersey,jerseyshore,jerseyshore,apa,6963636910,6817710378,Beautiful 3 Bed 2.5 Bath! Pet Friendly!!,https://jerseyshore.craigslist.org/apa/d/toms-river-beautiful-3-bed-25-bath-pet/6963636910.html,2019-08-24,11:29,$2895,None,True,None,3,None
New_Jersey,jerseyshore,jerseyshore,apa,6963631267,6776206985,Now Showing! Come Tour! Call Today!,https://jerseyshore.craigslist.org/apa/d/toms-river-now-showing-come-tour-call/6963631267.html,2019-08-24,11:24,$2850,None,True,None,3,None
New_Jersey,jerseyshore,jerseyshore,apa,6963610004,4879038032,Right Near AC! Come Live At Sunrise Bay!,https://jerseyshore.craigslist.org/apa/d/right-near-ac-come-live-at-sunrise-bay/6963610004.html,2019-08-24,10:46,$0,Galloway,False,None,2,None
New_Jersey,jerseyshore,jerseyshore,apa,6963584689,None,Margate - Winter Rental 9/1/19 thru 5/31/20,https://jerseyshore.craigslist.org/apa/d/margate-city-margate-winter-rental-thru/6963584689.html,2019-08-24,10:11,$895,Margate,True,None,2,None
New_Jersey,jerseyshore,jerseyshore,apa,6963583459,None,Pet Friendly 2 BR. RARE AVAILABILITY! Don't miss out!,https://jerseyshore.craigslist.org/apa/d/neptune-pet-friendly-2-br-rare/6963583459.html,2019-08-24,10:09,$1875,None,True,None,None,None
New_Jersey,jerseyshore,jerseyshore,apa,6963557104,None,"TOWNHOME- 3 bedroom, 1.5 bath townhome !!!!!!!!!",https://jerseyshore.craigslist.org/apa/d/neptune-townhome-3-bedroom-15-bath/6963557104.html,2019-08-24,10:09,$950,"1945 RT-33, Neptune, NJ,",True,None,None,None
New_Jersey,jerseyshore,jerseyshore,apa,6963562857,None,Two Bedroom 1.5 Bath w/Loft,https://jerseyshore.craigslist.org/apa/d/neptune-two-bedroom-15-bath-loft/6963562857.html,2019-08-24,09:38,$2075,Neptune,True,None,2,1100ft2
New_Jersey,jerseyshore,jerseyshore,apa,6963510126,6495121703,Save Up To $3224 On Select Apartments!,https://jerseyshore.craigslist.org/apa/d/cologne-save-up-to-3224-on-select/6963510126.html,2019-08-24,07:22,$0,None,True,None,1,None
New_Jersey,jerseyshore,jerseyshore,apa,6963510032,6495121703,Save Up To $3224 On Select Apartments!,https://jerseyshore.craigslist.org/apa/d/cologne-save-up-to-3224-on-select/6963510032.html,2019-08-24,07:21,$0,None,True,None,1,None
New_Jersey,jerseyshore,jerseyshore,apa,6963508956,6495121703,Save Up To $3224 On Select Apartments!,https://jerseyshore.craigslist.org/apa/d/cologne-save-up-to-3224-on-select/6963508956.html,2019-08-24,07:16,$0,None,True,None,1,None
New_Jersey,jerseyshore,jerseyshore,apa,6948505374,6711150573,Apartment for Winter Rental,https://jerseyshore.craigslist.org/apa/d/bradley-beach-apartment-for-winter/6948505374.html,2019-08-24,04:30,$1500,Bradley Beach,False,None,2,None
New_Jersey,jerseyshore,jerseyshore,apa,6944407716,None,"2 Bedroom Apartment, Only $635! (PER ROOM)",https://jerseyshore.craigslist.org/apa/d/four-lakes-2-bedroom-apartment-only-635/6944407716.html,2019-08-23,21:38,$635,Cheney,True,None,2,850ft2
New_Jersey,jerseyshore,jerseyshore,apa,6956541232,None,WINTER RENTAL $1400. GREAT 4 BEDROOM,https://jerseyshore.craigslist.org/apa/d/seaside-heights-winter-rental-1400/6956541232.html,2019-08-23,18:09,$1400,Seaside Heights,True,None,4,2200ft2
New_Jersey,jerseyshore,jerseyshore,apa,6963197374,None,"PET FRIENDLY, hardwood floors, granite counters! Tour TODAY!",https://jerseyshore.craigslist.org/apa/d/neptune-pet-friendly-hardwood-floors/6963197374.html,2019-08-23,16:30,$2155,None,True,None,None,None
New_Jersey,jerseyshore,jerseyshore,apa,6963180674,None,OPEN HOUSE SUNDAY 11-4,https://jerseyshore.craigslist.org/apa/d/neptune-open-house-sunday-11-4/6963180674.html,2019-08-23,16:23,$1425,Neptune City,True,None,None,794ft2
New_Jersey,jerseyshore,jerseyshore,apa,6963137619,None,Year round Brielle home,https://jerseyshore.craigslist.org/apa/d/brielle-year-round-brielle-home/6963137619.html,2019-08-23,15:20,$3500,Brielle,True,None,4,None
New_Jersey,jerseyshore,jerseyshore,apa,6963132855,None,"Charming location near Main Street with Concierge, gym & lounge!",https://jerseyshore.craigslist.org/apa/d/matawan-charming-location-near-main/6963132855.html,2019-08-23,15:15,$2025,"Wayne, NJ",True,None,1,982ft2
New_Jersey,jerseyshore,jerseyshore,apa,6963054674,None,♥☺Winter Rental Only! 4 Bedroom 3.5 Bath,https://jerseyshore.craigslist.org/apa/d/long-branch-winter-rental-only-4/6963054674.html,2019-08-23,14:29,$2000,"Long Branch, NJ",True,None,None,None
New_Jersey,jerseyshore,jerseyshore,apa,6941706435,4717856736,Toms River Waterfront Year Round,https://jerseyshore.craigslist.org/apa/d/brick-toms-river-waterfront-year-round/6941706435.html,2019-08-23,14:10,$2595,Silverton,True,None,4,1600ft2
New_Jersey,jerseyshore,jerseyshore,apa,6963063870,None,One Bedroom Luxury Garden Apartments. ONLY ONE! Tour Today!,https://jerseyshore.craigslist.org/apa/d/neptune-one-bedroom-luxury-garden/6963063870.html,2019-08-23,14:02,$1695,None,True,None,None,None
New_Jersey,jerseyshore,jerseyshore,apa,6963044695,None,"Apply Today, Near Garden State Parkway, Private Patio or Balcony",https://jerseyshore.craigslist.org/apa/d/brick-apply-today-near-garden-state/6963044695.html,2019-08-23,13:43,$1645,Toms River,True,None,2,950ft2
New_Jersey,jerseyshore,jerseyshore,apa,6962967347,None,@^@Wonderful three bed 1.5 bath rent to own***,https://jerseyshore.craigslist.org/apa/d/long-branch-wonderful-three-bed-15-bath/6962967347.html,2019-08-23,13:24,$2000,"6 Greeley Ter, Long Branch, NJ",True,None,3,3000ft2
New_Jersey,jerseyshore,jerseyshore,apa,6955177916,None,2 bedroom cottage,https://jerseyshore.craigslist.org/apa/d/belmar-2-bedroom-cottage/6955177916.html,2019-08-23,12:05,$1350,Belmar,True,None,2,None
New_Jersey,jerseyshore,jerseyshore,apa,6962928883,None,Three bedroom duplex RED BANK,https://jerseyshore.craigslist.org/apa/d/red-bank-three-bedroom-duplex-red-bank/6962928883.html,2019-08-23,11:44,$2400,None,True,None,3,None
New_Jersey,jerseyshore,jerseyshore,apa,6962905712,None,Here is Your Winter Home in Florida!,https://jerseyshore.craigslist.org/apa/d/naples-here-is-your-winter-home-in/6962905712.html,2019-08-23,11:31,$1539,Naples,True,None,None,1300ft2
New_Jersey,jerseyshore,jerseyshore,apa,6962879637,None,OPEN HOUSE SUNDAY 11-4,https://jerseyshore.craigslist.org/apa/d/neptune-open-house-sunday-11-4/6962879637.html,2019-08-23,11:23,$1425,Neptune City,True,None,None,794ft2
New_Jersey,jerseyshore,jerseyshore,apa,6962839851,None,RARE Availability For This 2 BR/2 BATH! Tour TODAY Before Its Gone!,https://jerseyshore.craigslist.org/apa/d/neptune-rare-availability-for-this-2-br/6962839851.html,2019-08-23,09:59,$1875,None,True,None,None,None
New_Jersey,jerseyshore,jerseyshore,apa,6962829889,3187245051,Duplex 2nd Floor Renovated w/Fenced Yard,https://jerseyshore.craigslist.org/apa/d/keansburg-duplex-2nd-floor-renovated/6962829889.html,2019-08-23,09:44,$1780,Keansburg,False,None,3,1100ft2
New_Jersey,jerseyshore,jerseyshore,apa,6962801238,None,MOVE IN SEPTEMBER 15TH ***1 & 2 BR  APT AVAILABLE,https://jerseyshore.craigslist.org/apa/d/oakhurst-move-in-september-15th-1-2-br/6962801238.html,2019-08-23,09:17,$1460,"OCEAN,NJ",True,None,2,None
New_Jersey,jerseyshore,jerseyshore,apa,6962782923,6495121703,Save Up To $3224 On Select Apartments!,https://jerseyshore.craigslist.org/apa/d/cologne-save-up-to-3224-on-select/6962782923.html,2019-08-23,08:12,$0,None,True,None,1,None
New_Jersey,jerseyshore,jerseyshore,apa,6962782758,6495121703,Save Up To $3224 On Select Apartments!,https://jerseyshore.craigslist.org/apa/d/cologne-save-up-to-3224-on-select/6962782758.html,2019-08-23,08:11,$0,None,True,None,1,None
New_Jersey,jerseyshore,jerseyshore,apa,6962782549,6495121703,Save Up To $3224 On Select Apartments!,https://jerseyshore.craigslist.org/apa/d/cologne-save-up-to-3224-on-select/6962782549.html,2019-08-23,08:11,$0,None,True,None,2,None
New_Jersey,jerseyshore,jerseyshore,apa,6962765873,6805936010,Luxury All Around! Bring your pets!,https://jerseyshore.craigslist.org/apa/d/toms-river-luxury-all-around-bring-your/6962765873.html,2019-08-23,07:32,$2125,None,True,None,2,None
New_Jersey,jerseyshore,jerseyshore,apa,6962765438,6779031374,Look no further come in and tour our brand new community!,https://jerseyshore.craigslist.org/apa/d/toms-river-look-no-further-come-in-and/6962765438.html,2019-08-23,07:22,$2850,None,True,None,3,None
New_Jersey,jerseyshore,jerseyshore,apa,6962765600,6776206985,Now Showing! Come Tour! Call Today!,https://jerseyshore.craigslist.org/apa/d/toms-river-now-showing-come-tour-call/6962765600.html,2019-08-23,07:16,$2375,None,True,None,2,None
New_Jersey,jerseyshore,jerseyshore,apa,6951213650,6344376533,home for rent,https://jerseyshore.craigslist.org/apa/d/home-for-rent/6951213650.html,2019-08-23,05:53,$1600,pemberton-browns mill,True,None,4,2000ft2
New_Jersey,jerseyshore,jerseyshore,apa,6962685325,None,This most desirable bright and open floor plan.,https://jerseyshore.craigslist.org/apa/d/atlantic-city-this-most-desirable/6962685325.html,2019-08-23,00:55,$0,None,False,None,None,None
New_Jersey,jerseyshore,jerseyshore,apa,6962562214,6928594365,PERFECT FOR COMMUTERS (1BR Condo),https://jerseyshore.craigslist.org/apa/d/parlin-perfect-for-commuters-1br-condo/6962562214.html,2019-08-22,18:50,$1450,"Parlin (Sayreville), NJ",True,None,1,895ft2
New_Jersey,jerseyshore,jerseyshore,apa,6962528595,None,"Adorable three bedroom, one bath home in Ocean City New Jersey",https://jerseyshore.craigslist.org/apa/d/ocean-city-adorable-three-bedroom-one/6962528595.html,2019-08-22,18:01,$1285,The garden section,True,None,3,None
New_Jersey,jerseyshore,jerseyshore,apa,6962470129,None,OPEN HOUSE SUNDAY 11-4,https://jerseyshore.craigslist.org/apa/d/neptune-open-house-sunday-11-4/6962470129.html,2019-08-22,16:55,$1425,Neptune City,True,None,None,794ft2
New_Jersey,jerseyshore,jerseyshore,apa,6962438804,None,Second floor two bedroom two bathroom with beautiful lake view!,https://jerseyshore.craigslist.org/apa/d/pearland-second-floor-two-bedroom-two/6962438804.html,2019-08-22,16:52,$1236,Pearland,True,None,2,1075ft2
New_Jersey,jerseyshore,jerseyshore,apa,6962440357,None,Second floor three bedroom two bathroom ready to move in ASAP!,https://jerseyshore.craigslist.org/apa/d/pearland-second-floor-three-bedroom-two/6962440357.html,2019-08-22,16:41,$1631,Pearland,True,None,3,1500ft2
New_Jersey,jerseyshore,jerseyshore,apa,6962373269,None,♥☺Winter Rental Only! 4 Bedroom 3.5 Bath,https://jerseyshore.craigslist.org/apa/d/long-branch-winter-rental-only-4/6962373269.html,2019-08-22,16:32,$2000,"Long Branch, NJ",True,None,None,None
New_Jersey,jerseyshore,jerseyshore,apa,6941619857,5770036880,LBI Winter; OCT-MAY; $1050 + UTL; Private Yard or Private 25x15 Deck,https://jerseyshore.craigslist.org/apa/d/beach-haven-lbi-winter-oct-may-utl/6941619857.html,2019-08-22,16:02,$1050,Brant Beach by ACME,False,None,3,800ft2
New_Jersey,jerseyshore,jerseyshore,apa,6962299830,None,OPEN HOUSE SUNDAY 11-4,https://jerseyshore.craigslist.org/apa/d/neptune-open-house-sunday-11-4/6962299830.html,2019-08-22,15:04,$1425,Neptune City,True,None,None,794ft2
New_Jersey,jerseyshore,jerseyshore,apa,6962365898,None,Oceanview!  Steps to beach and boardwalk!,https://jerseyshore.craigslist.org/apa/d/asbury-park-oceanview-steps-to-beach/6962365898.html,2019-08-22,14:59,$1600,Asbury Park,True,None,1,None
New_Jersey,jerseyshore,jerseyshore,apa,6962369973,2887857290,Condo for rent /1 yr lease,https://jerseyshore.craigslist.org/apa/d/allenhurst-condo-for-rent-1-yr-lease/6962369973.html,2019-08-22,14:48,$1650,asbury park,True,None,1,725ft2
New_Jersey,jerseyshore,jerseyshore,apa,6960119061,None,Cash Offer For Your House - No Obligation,https://jerseyshore.craigslist.org/apa/d/ocean-gate-cash-offer-for-your-house-no/6960119061.html,2019-08-22,14:41,$1,Ocean County,True,None,None,None
New_Jersey,jerseyshore,jerseyshore,apa,6962310985,None,Great location! Everything close by!! Come by now!!!,https://jerseyshore.craigslist.org/apa/d/neptune-great-location-everything-close/6962310985.html,2019-08-22,13:43,$1875,None,True,None,None,None
New_Jersey,jerseyshore,jerseyshore,apa,6962281812,None,"Private Balcony, Nice Dining Area, Great Townhouse",https://jerseyshore.craigslist.org/apa/d/brick-private-balcony-nice-dining-area/6962281812.html,2019-08-22,13:13,$1640,Toms River,True,None,2,950ft2
New_Jersey,jerseyshore,jerseyshore,apa,6962232063,None,2 Months free on an 18-24 month lease select units limited time!,https://jerseyshore.craigslist.org/apa/d/matawan-2-months-free-on-an-month-lease/6962232063.html,2019-08-22,12:20,$2310,Long Branch,True,None,2,1300ft2
New_Jersey,jerseyshore,jerseyshore,apa,6962150481,None,Adult community house for sale,https://jerseyshore.craigslist.org/apa/d/toms-river-adult-community-house-for/6962150481.html,2019-08-22,10:50,$1700,Manchester,True,None,2,1250ft2
New_Jersey,jerseyshore,jerseyshore,apa,6962109125,None,"NICE 4BD/3.5BTH WITH CERAMICS HOME FOR RENT  TO OWN (Long Branch, NJ",https://jerseyshore.craigslist.org/apa/d/long-branch-nice-4bd-35bth-with/6962109125.html,2019-08-22,10:34,$2000,None,True,None,4,3000ft2
New_Jersey,jerseyshore,jerseyshore,apa,6962121171,None,Bring your pets with you here! We're pet friendly! Tour now!!,https://jerseyshore.craigslist.org/apa/d/neptune-bring-your-pets-with-you-here/6962121171.html,2019-08-22,10:13,$1905,None,True,None,None,None
New_Jersey,jerseyshore,jerseyshore,apa,6962119839,None,We have availability! Come see us now and take a tour today!!,https://jerseyshore.craigslist.org/apa/d/neptune-we-have-availability-come-see/6962119839.html,2019-08-22,10:11,$2155,None,True,None,None,None
New_Jersey,jerseyshore,jerseyshore,apa,6962082004,6370085050,ONE BEDROOM APARTMENT,https://jerseyshore.craigslist.org/apa/d/monmouth-beach-one-bedroom-apartment/6962082004.html,2019-08-22,09:16,$1200,SEA BRIGHT,False,None,1,550ft2
New_Jersey,jerseyshore,jerseyshore,apa,6962061664,6495121703,Save Up To $3224 On Select Apartments!,https://jerseyshore.craigslist.org/apa/d/cologne-save-up-to-3224-on-select/6962061664.html,2019-08-22,08:33,$0,None,True,None,1,None
New_Jersey,jerseyshore,jerseyshore,apa,6962054605,6810826231,Experience the Gabrielle Run Lifestyle!,https://jerseyshore.craigslist.org/apa/d/toms-river-experience-the-gabrielle-run/6962054605.html,2019-08-22,08:31,$2375,None,True,None,2,None
New_Jersey,jerseyshore,jerseyshore,apa,6962053236,6783927347,"Everything you need, all right here!",https://jerseyshore.craigslist.org/apa/d/toms-river-everything-you-need-all/6962053236.html,2019-08-22,08:26,$2850,None,True,None,3,None
New_Jersey,jerseyshore,jerseyshore,apa,6962058870,6495121703,Save Up To $3224 On Select Apartments!,https://jerseyshore.craigslist.org/apa/d/cologne-save-up-to-3224-on-select/6962058870.html,2019-08-22,08:25,$0,None,True,None,2,None
New_Jersey,jerseyshore,jerseyshore,apa,6962052924,6810826231,Brand new development offering 2 beds 2 baths! Pet friendly!,https://jerseyshore.craigslist.org/apa/d/toms-river-brand-new-development/6962052924.html,2019-08-22,08:22,$2100,None,True,None,2,None
New_Jersey,jerseyshore,jerseyshore,apa,6962057071,5830677775,FALL-WINTER-SPRING- RENTAL,https://jerseyshore.craigslist.org/apa/d/fall-winter-spring-rental/6962057071.html,2019-08-22,08:20,$1500,Asbury Park,True,None,1,900ft2
New_Jersey,jerseyshore,jerseyshore,apa,6962033750,None,No Nonsense Tenants Looking To Rent,https://jerseyshore.craigslist.org/apa/d/middletown-no-nonsense-tenants-looking/6962033750.html,2019-08-22,06:52,$1600,"North Middletown, New Jersey",False,None,None,None
New_Jersey,jerseyshore,jerseyshore,apa,6962032864,None,No Nonsense Tenants Looking To Rent,https://jerseyshore.craigslist.org/apa/d/port-monmouth-no-nonsense-tenants/6962032864.html,2019-08-22,06:47,$2000,"Port Monmouth, New Jersey",False,None,None,None
New_Jersey,jerseyshore,jerseyshore,apa,6942011052,None,UTILITIES INCL  -  SEPT - MAY -  ONLY 5 HOUSES to BEACH,https://jerseyshore.craigslist.org/apa/d/seaside-heights-utilities-incl-sept-may/6942011052.html,2019-08-22,06:38,$1500,SEASIDE HEIGHTS - NORTH,True,None,3,1600ft2
New_Jersey,jerseyshore,jerseyshore,apa,6952688112,6187929342,Room - 1 PERSON ONLY (No Sharing)-$500 Near Monmouth University,https://jerseyshore.craigslist.org/apa/d/room-1-person-only-no-sharing-500-near/6952688112.html,2019-08-21,20:52,$500,None,True,None,1,200ft2
New_Jersey,jerseyshore,jerseyshore,apa,6961809280,None,@#@Wonderful four bed 3.5 bath rent to own***,https://jerseyshore.craigslist.org/apa/d/long-branch-wonderful-four-bed-35-bath/6961809280.html,2019-08-21,20:19,$2000,"6 Greeley Ter, Long Branch, NJ",True,None,4,3000ft2
New_Jersey,jerseyshore,jerseyshore,apa,6957559827,6952666546,Forest View 2Bed/2Bath. Spacious Apt with Vaulted Ceilings (RR3087),https://jerseyshore.craigslist.org/apa/d/redmond-forest-view-2bed-2bath-spacious/6957559827.html,2019-08-21,19:38,$1959,Redmond,True,None,2,976ft2
New_Jersey,jerseyshore,jerseyshore,apa,6961732389,None,Manasquan beach house,https://jerseyshore.craigslist.org/apa/d/manasquan-manasquan-beach-house/6961732389.html,2019-08-21,16:46,$1850,Beach,False,None,4,None
New_Jersey,jerseyshore,jerseyshore,apa,6961709359,None,OPEN HOUSE SUNDAY 11-4,https://jerseyshore.craigslist.org/apa/d/neptune-open-house-sunday-11-4/6961709359.html,2019-08-21,16:32,$1425,Neptune City,True,None,None,794ft2
New_Jersey,jerseyshore,jerseyshore,apa,6961712590,None,"Live Miles From Beaches, Shopping, and More at The Pointe!",https://jerseyshore.craigslist.org/apa/d/neptune-live-miles-from-beaches/6961712590.html,2019-08-21,16:23,$2155,None,True,None,None,None
New_Jersey,jerseyshore,jerseyshore,apa,6961693208,None,Plus nursery/ playroom and home office,https://jerseyshore.craigslist.org/apa/d/navesink-plus-nursery-playroom-and-home/6961693208.html,2019-08-21,16:02,$4000,"Atlantic Highlands, NJ (Navesink Schools)",True,None,3,None
New_Jersey,jerseyshore,jerseyshore,apa,6961659601,6744787968,Home for rent,https://jerseyshore.craigslist.org/apa/d/salem-home-for-rent/6961659601.html,2019-08-21,15:24,$1300,Salem,True,None,3,None
New_Jersey,jerseyshore,jerseyshore,apa,6951786939,None,"Great Location, Walk In Closets, Washer and Dryer Con. Call NOW!",https://jerseyshore.craigslist.org/apa/d/mesquite-great-location-walk-in-closets/6951786939.html,2019-08-21,14:23,$1156,"4035 Towne Crossing Blvd. Mesquite, TX",True,None,2,793ft2
New_Jersey,jerseyshore,jerseyshore,apa,6961588745,6424176647,"ONE BEDROOM APARTMENT, WARETOWN, NJ",https://jerseyshore.craigslist.org/apa/d/waretown-one-bedroom-apartment-waretown/6961588745.html,2019-08-21,14:08,$1340,None,True,None,1,None
New_Jersey,jerseyshore,jerseyshore,apa,6961552711,None,2 BED/2 BATH! Awesome value! GREAT Location!,https://jerseyshore.craigslist.org/apa/d/neptune-2-bed-2-bath-awesome-value/6961552711.html,2019-08-21,13:30,$1875,None,True,None,None,None
New_Jersey,jerseyshore,jerseyshore,apa,6947136097,None,Completely updated 1 bedroom,https://jerseyshore.craigslist.org/apa/d/ocean-grove-completely-updated-1-bedroom/6947136097.html,2019-08-21,13:20,$1375,Asbury Park,True,None,1,None
New_Jersey,jerseyshore,jerseyshore,apa,6961536061,None,"View Today, Extra Storage Options, Large Bedrooms, Pets OK",https://jerseyshore.craigslist.org/apa/d/brick-view-today-extra-storage-options/6961536061.html,2019-08-21,13:13,$1640,Toms River,True,None,2,950ft2
New_Jersey,jerseyshore,jerseyshore,apa,6961531692,None,$2005 SAVE UPTO $500 OFF YOUR MOVE IN TODAY*,https://jerseyshore.craigslist.org/apa/d/freehold-2005-save-upto-500-off-your/6961531692.html,2019-08-21,13:09,$2000,FREEHOLD,True,None,2,920ft2
New_Jersey,jerseyshore,jerseyshore,apa,6947252890,4882628637,Top Floor 2BR in Belmar with Lake & Ocean Views!,https://jerseyshore.craigslist.org/apa/d/belmar-top-floor-2br-in-belmar-with/6947252890.html,2019-08-21,12:41,$1841,104 5th Ave,True,None,1,750ft2
New_Jersey,jerseyshore,jerseyshore,apa,6941985574,4882628637,2BR Available Across From Beautiful Sunset Lake!,https://jerseyshore.craigslist.org/apa/d/ocean-grove-2br-available-across-from/6941985574.html,2019-08-21,12:41,$1511,510 5th Avenue,True,None,2,750ft2
New_Jersey,jerseyshore,jerseyshore,apa,6946253637,4882628637,Totally Remodeled 1BR with a Private Balcony!,https://jerseyshore.craigslist.org/apa/d/allenhurst-totally-remodeled-1br-with/6946253637.html,2019-08-21,12:36,$1444,410 8th Avenue,True,None,1,725ft2
New_Jersey,jerseyshore,jerseyshore,apa,6961391378,None,OPEN HOUSE SUNDAY 11-4,https://jerseyshore.craigslist.org/apa/d/neptune-open-house-sunday-11-4/6961391378.html,2019-08-21,11:09,$1425,Neptune City,True,None,None,794ft2
New_Jersey,jerseyshore,jerseyshore,apa,6961405856,None,2 Beds/2Bath Apt with Concierge services,https://jerseyshore.craigslist.org/apa/d/matawan-2-beds-2bath-apt-with-concierge/6961405856.html,2019-08-21,10:55,$2310,Old Bridge,True,None,2,1300ft2
New_Jersey,jerseyshore,jerseyshore,apa,6961365709,None,We love your pets too! Check out The Pointe's pet friendly community!,https://jerseyshore.craigslist.org/apa/d/neptune-we-love-your-pets-too-check-out/6961365709.html,2019-08-21,10:04,$1875,None,True,None,None,None
New_Jersey,jerseyshore,jerseyshore,apa,6961352862,4879038032,Come Live at Sunrise Bay! Super Convenient Location!,https://jerseyshore.craigslist.org/apa/d/come-live-at-sunrise-bay-super/6961352862.html,2019-08-21,09:47,$0,Galloway,False,None,2,None
New_Jersey,jerseyshore,jerseyshore,apa,6940418931,4873274379,Winter rental lg 3 bdrm house wraparound porch 3 blocks from beach,https://jerseyshore.craigslist.org/apa/d/avon-by-the-sea-winter-rental-lg-3-bdrm/6940418931.html,2019-08-21,08:28,$1895,Bradley Beach,True,None,3,2250ft2
New_Jersey,jerseyshore,jerseyshore,apa,6961298701,6806179899,Leasing now! Limited availability! Call to inquire!,https://jerseyshore.craigslist.org/apa/d/toms-river-leasing-now-limited/6961298701.html,2019-08-21,08:18,$2125,None,True,None,2,None
New_Jersey,jerseyshore,jerseyshore,apa,6961296745,6819484268,Brand New Luxury Community! Close to Everything!,https://jerseyshore.craigslist.org/apa/d/toms-river-brand-new-luxury-community/6961296745.html,2019-08-21,08:14,$2850,None,True,None,3,None
New_Jersey,jerseyshore,jerseyshore,apa,6961297376,6817710378,Beautiful 3 Bed 2.5 Bath! Pet Friendly!!,https://jerseyshore.craigslist.org/apa/d/toms-river-beautiful-3-bed-25-bath-pet/6961297376.html,2019-08-21,08:04,$3295,None,True,None,3,None
New_Jersey,jerseyshore,jerseyshore,apa,6961291240,6495121703,Save Up To $2835 On Select Townhomes!,https://jerseyshore.craigslist.org/apa/d/cologne-save-up-to-2835-on-select/6961291240.html,2019-08-21,07:33,$0,None,True,None,3,None
New_Jersey,jerseyshore,jerseyshore,apa,6961290922,6495121703,Save Up To $2835 On Select Townhomes!,https://jerseyshore.craigslist.org/apa/d/cologne-save-up-to-2835-on-select/6961290922.html,2019-08-21,07:31,$0,None,True,None,3,None
New_Jersey,jerseyshore,jerseyshore,apa,6961290796,6495121703,Save Up To $3224 On Select Apartments!,https://jerseyshore.craigslist.org/apa/d/cologne-save-up-to-3224-on-select/6961290796.html,2019-08-21,07:31,$0,None,True,None,2,None
New_Jersey,jerseyshore,jerseyshore,apa,6940978294,6508695598,House for Rent - $1650,https://jerseyshore.craigslist.org/apa/d/island-heights-house-for-rent/6940978294.html,2019-08-21,06:47,$1650,Toms river,True,None,2,None
New_Jersey,jerseyshore,jerseyshore,apa,6950277779,None,Beautifully renovated 2nd floor 3 bedroom apartment with finished atti,https://jerseyshore.craigslist.org/apa/d/asbury-park-beautifully-renovated-2nd/6950277779.html,2019-08-21,05:51,$1550,"Asbury Park, NJ",True,None,3,None
New_Jersey,jerseyshore,jerseyshore,apa,6961256786,6070765214,LACEY 3 bd 2 bath,https://jerseyshore.craigslist.org/apa/d/forked-river-lacey-3-bd-2-bath/6961256786.html,2019-08-21,02:52,$1900,FORKED RIVER,False,None,3,1800ft2
New_Jersey,jerseyshore,jerseyshore,apa,6961255121,None,1 1/2 Blocks to the Beach,https://jerseyshore.craigslist.org/apa/d/belmar-blocks-to-the-beach/6961255121.html,2019-08-21,02:40,$1300,Bradley Beach,True,None,1,None
New_Jersey,jerseyshore,jerseyshore,apa,6961198568,6368045169,CUTE COTTAGE- 1/2 DUPLEX--FENCED YRD..GREAT AREA-pri-park,https://jerseyshore.craigslist.org/apa/d/jackson-cute-cottage-1-2-duplex-fenced/6961198568.html,2019-08-20,22:50,$1550,JACKSON,True,None,3,1000ft2
New_Jersey,jerseyshore,jerseyshore,apa,6961138449,None,3 Bedroom 1 Bath Waterfront,https://jerseyshore.craigslist.org/apa/d/tuckerton-3-bedroom-1-bath-waterfront/6961138449.html,2019-08-20,20:39,$1400,Mystic Island,True,None,3,None
New_Jersey,jerseyshore,jerseyshore,apa,6961121673,6728803953,"1,200 sq ft house for rent",https://jerseyshore.craigslist.org/apa/d/colts-neck-1200-sq-ft-house-for-rent/6961121673.html,2019-08-20,20:09,$1300,Colts Neck,True,None,1,1200ft2
New_Jersey,jerseyshore,jerseyshore,apa,6961096368,None,Beautiful Spacious 2br 2ba unit W/ Balcony!,https://jerseyshore.craigslist.org/apa/d/denver-beautiful-spacious-2br-2ba-unit/6961096368.html,2019-08-20,19:28,$1580,Denver,True,None,2,1017ft2
New_Jersey,jerseyshore,jerseyshore,apa,6961094898,None,"Stunning 2 Bedroom, Washer, Dryer, Balcony AND Fireplace!",https://jerseyshore.craigslist.org/apa/d/denver-stunning-2-bedroom-washer-dryer/6961094898.html,2019-08-20,19:26,$1540,Denver,True,None,2,923ft2
New_Jersey,jerseyshore,jerseyshore,apa,6961092804,None,Call Sienna Cherry Creek Home!,https://jerseyshore.craigslist.org/apa/d/denver-call-sienna-cherry-creek-home/6961092804.html,2019-08-20,19:22,$1230,Denver,True,None,1,750ft2
New_Jersey,jerseyshore,jerseyshore,apa,6961091122,None,$250 Off Move In!,https://jerseyshore.craigslist.org/apa/d/denver-250-off-move-in/6961091122.html,2019-08-20,19:20,$1210,Denver,True,None,1,670ft2
New_Jersey,jerseyshore,jerseyshore,apa,6961000731,None,"Close to Belmar, Asbury, Outlets, beaches, etc! Come tour! Fast!",https://jerseyshore.craigslist.org/apa/d/neptune-close-to-belmar-asbury-outlets/6961000731.html,2019-08-20,17:15,$2155,None,True,None,None,None
New_Jersey,jerseyshore,jerseyshore,apa,6960992458,None,@@!2BED/2BATH GRE@T HOUSE FOR GREAT PEOPLE!@@,https://jerseyshore.craigslist.org/apa/d/toms-river-2bed-2bath-gret-house-for/6960992458.html,2019-08-20,17:05,$850,None,True,None,None,None
New_Jersey,jerseyshore,jerseyshore,apa,6960924676,None,Experience Jumping Brook today! Applying is as easy as 1.2.3.,https://jerseyshore.craigslist.org/apa/d/neptune-experience-jumping-brook-today/6960924676.html,2019-08-20,16:20,$1425,Neptune City,True,None,None,794ft2
New_Jersey,jerseyshore,jerseyshore,apa,6960920736,6900197275,Upper Twp. Yearly Rental,https://jerseyshore.craigslist.org/apa/d/marmora-upper-twp-yearly-rental/6960920736.html,2019-08-20,15:42,$2000,"Marmora, NJ",True,None,4,1700ft2
New_Jersey,jerseyshore,jerseyshore,apa,6960849794,None,!^!Lovely 2 bedroom 2 bathroom just awesom!^!,https://jerseyshore.craigslist.org/apa/d/toms-river-lovely-2-bedroom-2-bathroom/6960849794.html,2019-08-20,14:39,$850,"227 Anthony Ave, Toms River",True,None,None,None
New_Jersey,jerseyshore,jerseyshore,apa,6960810486,None,"Beautiful Views, Great Closet Space, Minutes to Cattus Isl County Park",https://jerseyshore.craigslist.org/apa/d/brick-beautiful-views-great-closet/6960810486.html,2019-08-20,13:45,$1635,Toms River,True,None,2,950ft2
New_Jersey,jerseyshore,jerseyshore,apa,6960743926,None,Two bedrooms ready from now all the way until November! Apply!!,https://jerseyshore.craigslist.org/apa/d/neptune-two-bedrooms-ready-from-now-all/6960743926.html,2019-08-20,12:37,$1905,None,True,None,None,None
New_Jersey,jerseyshore,jerseyshore,apa,6960672667,4879038032,Right Near AC! Come Live At Sunrise Bay!,https://jerseyshore.craigslist.org/apa/d/right-near-ac-come-live-at-sunrise-bay/6960672667.html,2019-08-20,11:23,$0,Galloway,False,None,2,None
New_Jersey,jerseyshore,jerseyshore,apa,6960658318,None,1 Bed 1 Bath,https://jerseyshore.craigslist.org/apa/d/carteret-1-bed-1-bath/6960658318.html,2019-08-20,11:07,$1350,Cateret,True,None,1,1100ft2
New_Jersey,jerseyshore,jerseyshore,apa,6960656563,4879038032,Come Live at Sunrise Bay! Super Convenient Location!,https://jerseyshore.craigslist.org/apa/d/come-live-at-sunrise-bay-super/6960656563.html,2019-08-20,11:05,$0,Galloway,False,None,2,None
New_Jersey,jerseyshore,jerseyshore,apa,6960655410,None,3 Bed 1 Bath,https://jerseyshore.craigslist.org/apa/d/carteret-3-bed-1-bath/6960655410.html,2019-08-20,11:04,$2100,Cateret,True,None,3,1600ft2
New_Jersey,jerseyshore,jerseyshore,apa,6951306461,None,3 bedroom spacious aprartment,https://jerseyshore.craigslist.org/apa/d/south-amboy-3-bedroom-spacious/6951306461.html,2019-08-20,10:57,$1750,south amboy nj,True,None,3,None
New_Jersey,jerseyshore,jerseyshore,apa,6960641519,None,"Charming Location near Main Street! Concierge, gym, lounge!",https://jerseyshore.craigslist.org/apa/d/matawan-charming-location-near-main/6960641519.html,2019-08-20,10:48,$2010,Keyport,True,None,1,977ft2
New_Jersey,jerseyshore,jerseyshore,apa,6960637998,None,1 bedroom/Apartment,https://jerseyshore.craigslist.org/apa/d/red-bank-1-bedroom-apartment/6960637998.html,2019-08-20,10:44,$1400,Red Bank,True,None,1,None
New_Jersey,jerseyshore,jerseyshore,apa,6960608018,None,Welcome To Your New Home!,https://jerseyshore.craigslist.org/apa/d/neptune-welcome-to-your-new-home/6960608018.html,2019-08-20,10:39,$1425,Neptune City,True,None,None,794ft2
New_Jersey,jerseyshore,jerseyshore,apa,6960581495,6729085770,Brand New Luxury Community!,https://jerseyshore.craigslist.org/apa/d/toms-river-brand-new-luxury-community/6960581495.html,2019-08-20,10:24,$2100,None,True,None,2,None
New_Jersey,jerseyshore,jerseyshore,apa,6960609907,None,Pet friendliest place!!! Call now to come see and rent today!!,https://jerseyshore.craigslist.org/apa/d/neptune-pet-friendliest-place-call-now/6960609907.html,2019-08-20,10:10,$2155,None,True,None,None,None
New_Jersey,jerseyshore,jerseyshore,apa,6960582411,6833362121,Pet Friendly! Call Today!,https://jerseyshore.craigslist.org/apa/d/toms-river-pet-friendly-call-today/6960582411.html,2019-08-20,09:45,$2375,None,True,None,2,None
New_Jersey,jerseyshore,jerseyshore,apa,6960579511,6808197030,Now Leasing! Pets Welcome!,https://jerseyshore.craigslist.org/apa/d/toms-river-now-leasing-pets-welcome/6960579511.html,2019-08-20,09:36,$2850,None,True,None,3,None
New_Jersey,jerseyshore,jerseyshore,apa,6955561110,None,Ready To Sell? We're Ready To Buy,https://jerseyshore.craigslist.org/apa/d/red-bank-ready-to-sell-were-ready-to-buy/6955561110.html,2019-08-20,09:15,$0,Monmouth County,True,None,None,None
New_Jersey,jerseyshore,jerseyshore,apa,6960538045,6489428211,Save Up To $3224 On Select Apartments!,https://jerseyshore.craigslist.org/apa/d/cologne-save-up-to-3224-on-select/6960538045.html,2019-08-20,08:00,$0,Mays Landing,True,None,2,None
New_Jersey,jerseyshore,jerseyshore,apa,6960536965,6490513364,Save Up To $2835 On Select Townhomes!,https://jerseyshore.craigslist.org/apa/d/cologne-save-up-to-2835-on-select/6960536965.html,2019-08-20,07:57,$0,None,True,None,3,None
New_Jersey,jerseyshore,jerseyshore,apa,6960404870,None,For Rent,https://jerseyshore.craigslist.org/apa/d/rumson-for-rent/6960404870.html,2019-08-19,21:33,$1500,"Sea Bright, New Jersey",False,None,1,800ft2
New_Jersey,jerseyshore,jerseyshore,apa,6960340739,None,rental in toms river nj,https://jerseyshore.craigslist.org/apa/d/island-heights-rental-in-toms-river-nj/6960340739.html,2019-08-19,19:38,$1500,toms river,True,None,3,None
New_Jersey,jerseyshore,jerseyshore,apa,6948494451,None,1 bed 1 bath lovely winter rental,https://jerseyshore.craigslist.org/apa/d/margate-city-1-bed-1-bath-lovely-winter/6948494451.html,2019-08-19,18:26,$925,"Margate, NJ",True,None,1,800ft2
New_Jersey,jerseyshore,jerseyshore,apa,6960273926,None,Historic Italianate Garden Apartment,https://jerseyshore.craigslist.org/apa/d/keyport-historic-italianate-garden/6960273926.html,2019-08-19,18:04,$1850,KEYPORT,True,None,2,1600ft2
New_Jersey,jerseyshore,jerseyshore,apa,6940894987,None,HUGE Duplex Up in Humboldt Park,https://jerseyshore.craigslist.org/apa/d/chicago-huge-duplex-up-in-humboldt-park/6940894987.html,2019-08-19,17:40,$2400,Humboldt Park Chicago,True,None,3,None
New_Jersey,jerseyshore,jerseyshore,apa,6960234884,None,One Bedroom Apartment,https://jerseyshore.craigslist.org/apa/d/avon-by-the-sea-one-bedroom-apartment/6960234884.html,2019-08-19,17:16,$1325,Belmar,True,None,1,None
New_Jersey,jerseyshore,jerseyshore,apa,6960224384,None,Fantastic shore colonial on 4th street,https://jerseyshore.craigslist.org/apa/d/asbury-park-fantastic-shore-colonial-on/6960224384.html,2019-08-19,17:03,$2600,Asbury park,True,None,3,None
New_Jersey,jerseyshore,jerseyshore,apa,6960179651,None,Do you want to live miles from the shore? Apply online today!,https://jerseyshore.craigslist.org/apa/d/neptune-do-you-want-to-live-miles-from/6960179651.html,2019-08-19,16:13,$2155,None,True,None,None,None
New_Jersey,jerseyshore,jerseyshore,apa,6960086716,None,Granite Counters and Full Sized Washer/Dryer! Tour Today!,https://jerseyshore.craigslist.org/apa/d/neptune-granite-counters-and-full-sized/6960086716.html,2019-08-19,14:33,$2155,None,True,None,None,None
New_Jersey,jerseyshore,jerseyshore,apa,6960040866,None,"Cats? Dogs? We Love Your Pets Too, Bring Them Along To The Pointe!",https://jerseyshore.craigslist.org/apa/d/neptune-cats-dogs-we-love-your-pets-too/6960040866.html,2019-08-19,13:47,$2155,None,True,None,None,None
New_Jersey,jerseyshore,jerseyshore,apa,6945104969,None,NO FEE!!! OFF-SEASON Rental 4 Bedroom/ 2 Bath,https://jerseyshore.craigslist.org/apa/d/point-pleasant-beach-no-fee-off-season/6945104969.html,2019-08-19,13:40,$2650,Point Pleasant/Bay Head border,True,None,4,2000ft2
New_Jersey,jerseyshore,jerseyshore,apa,6960008941,None,"Available Now, Open Kitchen, Near Ocean County College",https://jerseyshore.craigslist.org/apa/d/brick-available-now-open-kitchen-near/6960008941.html,2019-08-19,13:15,$1635,Toms River,True,None,2,950ft2
New_Jersey,jerseyshore,jerseyshore,apa,6959994171,None,2 Months free on a 18-24 month lease select units!,https://jerseyshore.craigslist.org/apa/d/matawan-2-months-free-on-month-lease/6959994171.html,2019-08-19,13:01,$2310,Long Branch,True,None,2,1300ft2
New_Jersey,jerseyshore,jerseyshore,apa,6959869666,None,Apartment for rent Swedesboro,https://jerseyshore.craigslist.org/apa/d/swedesboro-apartment-for-rent-swedesboro/6959869666.html,2019-08-19,10:57,$950,Swedesboro,True,None,1,700ft2
New_Jersey,jerseyshore,jerseyshore,apa,6959771196,6783446288,Limited availability! Come look! Hurry!!,https://jerseyshore.craigslist.org/apa/d/toms-river-limited-availability-come/6959771196.html,2019-08-19,09:08,$3295,None,True,None,3,None
New_Jersey,jerseyshore,jerseyshore,apa,6959785025,6489428211,Save Up To $3224 On Select Apartments!,https://jerseyshore.craigslist.org/apa/d/cologne-save-up-to-3224-on-select/6959785025.html,2019-08-19,09:07,$0,Mays Landing,True,None,2,None
New_Jersey,jerseyshore,jerseyshore,apa,6959784779,6490513364,Save Up To $3224 On Select Apartments!,https://jerseyshore.craigslist.org/apa/d/cologne-save-up-to-3224-on-select/6959784779.html,2019-08-19,09:06,$0,None,True,None,1,None
New_Jersey,jerseyshore,jerseyshore,apa,6959771800,6805936010,Luxury All Around! Bring Your Pets!,https://jerseyshore.craigslist.org/apa/d/toms-river-luxury-all-around-bring-your/6959771800.html,2019-08-19,08:50,$2100,None,True,None,2,None
New_Jersey,jerseyshore,jerseyshore,apa,6959769976,6783810745,Touring! Come See! Pet Friendly!,https://jerseyshore.craigslist.org/apa/d/toms-river-touring-come-see-pet-friendly/6959769976.html,2019-08-19,08:47,$2850,None,True,None,3,None
New_Jersey,jerseyshore,jerseyshore,apa,6959741276,None,2 bedroom winter rental margate,https://jerseyshore.craigslist.org/apa/d/margate-city-2-bedroom-winter-rental/6959741276.html,2019-08-19,07:12,$1000,Margate,True,None,2,900ft2
New_Jersey,jerseyshore,jerseyshore,apa,6944831836,None,"Great 1 BR Apartment ""ALL UTIL. INCL.""",https://jerseyshore.craigslist.org/apa/d/montclair-great-1-br-apartment-all-util/6944831836.html,2019-08-19,06:22,$1450,Montclair,False,None,1,None
New_Jersey,jerseyshore,jerseyshore,apa,6959731334,None,"8th St Barnegat, NJ",https://jerseyshore.craigslist.org/apa/d/waretown-8th-st-barnegat-nj/6959731334.html,2019-08-19,06:08,$2250,Barnegat,False,None,5,3500ft2
New_Jersey,jerseyshore,jerseyshore,apa,6959656670,4858421566,Beach House (Fall/Winter/Spring),https://jerseyshore.craigslist.org/apa/d/beach-house-fall-winter-spring/6959656670.html,2019-08-18,22:46,$1300,Surf City,False,None,3,None
New_Jersey,jerseyshore,jerseyshore,apa,6959627405,None,Winter Rentals,https://jerseyshore.craigslist.org/apa/d/point-pleasant-beach-winter-rentals/6959627405.html,2019-08-18,21:34,$1100,Point Pleasant,True,None,None,None
New_Jersey,jerseyshore,jerseyshore,apa,6959627271,5465297771,Winter Rental/No More Dorm $1300 (Energy Efficient),https://jerseyshore.craigslist.org/apa/d/winter-rental-no-more-dorm-1300-energy/6959627271.html,2019-08-18,21:34,$1300,Brigantine,True,None,3,1727ft2
New_Jersey,jerseyshore,jerseyshore,apa,6952869731,None,Winter Rental 2019- 2020,https://jerseyshore.craigslist.org/apa/d/belmar-winter-rental/6952869731.html,2019-08-18,21:33,$1600,Belmar,True,None,5,3895ft2
New_Jersey,jerseyshore,jerseyshore,apa,6959611009,None,5 bedroom apartment for rent newly renovated,https://jerseyshore.craigslist.org/apa/d/asbury-park-5-bedroom-apartment-for/6959611009.html,2019-08-18,20:59,$2500,asburypark,False,None,5,1500ft2
New_Jersey,jerseyshore,jerseyshore,apa,6959567487,None,2 Months Free on a 18-24 Month Lease Select Units!,https://jerseyshore.craigslist.org/apa/d/matawan-2-months-free-on-month-lease/6959567487.html,2019-08-18,19:36,$2310,Long Branch,True,None,2,1300ft2
New_Jersey,jerseyshore,jerseyshore,apa,6953379270,6949565037,"Fully Renovated!Private entry, vaulted ceilings,Large bedroom!(EE2027)",https://jerseyshore.craigslist.org/apa/d/redmond-fully-renovatedprivate-entry/6953379270.html,2019-08-18,16:47,$1772,Redmond,True,None,1,692ft2
New_Jersey,jerseyshore,jerseyshore,apa,6959378740,None,"2 bedroom, 2 bath, unit. $500 deposit.Large@!!",https://jerseyshore.craigslist.org/apa/d/toms-river-2-bedroom-2-bath-unit-500/6959378740.html,2019-08-18,16:05,$900,"Jersey Shore, NJ",True,None,2,None
New_Jersey,jerseyshore,jerseyshore,apa,6959410574,None,Welcome To Your New Home!,https://jerseyshore.craigslist.org/apa/d/neptune-welcome-to-your-new-home/6959410574.html,2019-08-18,15:54,$1425,Neptune City,True,None,None,794ft2
New_Jersey,jerseyshore,jerseyshore,apa,6959410422,None,"Hardwood, Stainless Steel, Granite Counters. Why Wait? Apply TODAY!",https://jerseyshore.craigslist.org/apa/d/neptune-hardwood-stainless-steel/6959410422.html,2019-08-18,15:31,$2155,None,True,None,None,None
New_Jersey,jerseyshore,jerseyshore,apa,6959318298,None,Pet Lovers Look No Futher! Pet Friendly Community At The Pointe!,https://jerseyshore.craigslist.org/apa/d/neptune-pet-lovers-look-no-futher-pet/6959318298.html,2019-08-18,13:28,$1905,None,True,None,None,None
New_Jersey,jerseyshore,jerseyshore,apa,6959271350,None,Specials Currently Running on Select 2 Bedroom Apartments!,https://jerseyshore.craigslist.org/apa/d/neptune-specials-currently-running-on/6959271350.html,2019-08-18,12:56,$1425,Neptune City,True,None,None,794ft2
New_Jersey,jerseyshore,jerseyshore,apa,6959256733,None,"!%!%You will love making this gorgeous 3 bedroom, 2 bath house you%!%!",https://jerseyshore.craigslist.org/apa/d/panama-city-you-will-love-making-this/6959256733.html,2019-08-18,12:03,$1000,"Panama City Beach, FL",True,None,None,None
New_Jersey,jerseyshore,jerseyshore,apa,6959256725,None,"!%!%You will love making this gorgeous 3 bedroom, 2 bath house you%!%!",https://jerseyshore.craigslist.org/apa/d/panama-city-you-will-love-making-this/6959256725.html,2019-08-18,12:03,$1000,"Panama City Beach, FL",True,None,None,None
New_Jersey,jerseyshore,jerseyshore,apa,6959256682,None,"!%!%You will love making this gorgeous 3 bedroom, 2 bath house you%!%!",https://jerseyshore.craigslist.org/apa/d/panama-city-you-will-love-making-this/6959256682.html,2019-08-18,12:03,$1000,"Panama City Beach, FL",True,None,None,None
New_Jersey,jerseyshore,jerseyshore,apa,6959249509,None,"Looking For Convenience? Well, Look NO MORE!Tour The Pointe TODAY!",https://jerseyshore.craigslist.org/apa/d/neptune-looking-for-convenience-well/6959249509.html,2019-08-18,11:52,$1905,None,True,None,None,None
New_Jersey,jerseyshore,jerseyshore,apa,6959227725,5598781736,Looking For Spacious Apartment/Townhome Living? Come To Sunrise Bay!,https://jerseyshore.craigslist.org/apa/d/looking-for-spacious-apartment-townhome/6959227725.html,2019-08-18,11:30,$0,Galloway,False,None,3,None
New_Jersey,jerseyshore,jerseyshore,apa,6959226945,4879038032,Right Near AC! Come Live At Sunrise Bay!,https://jerseyshore.craigslist.org/apa/d/right-near-ac-come-live-at-sunrise-bay/6959226945.html,2019-08-18,11:18,$0,Galloway,False,None,2,None
New_Jersey,jerseyshore,jerseyshore,apa,6959203813,None,5 bd 3.5 ba house for rent,https://jerseyshore.craigslist.org/apa/d/waldorf-5-bd-35-ba-house-for-rent/6959203813.html,2019-08-18,10:40,$3000,Waldorf,True,None,5,5000ft2
New_Jersey,jerseyshore,jerseyshore,apa,6955911880,None,Read This Before Selling Your Property,https://jerseyshore.craigslist.org/apa/d/red-bank-read-this-before-selling-your/6955911880.html,2019-08-18,10:35,$0,Red Bank and Surrounding Areas,True,None,None,None
New_Jersey,jerseyshore,jerseyshore,apa,6949079426,None,35TH STREET WINTER RENTAL,https://jerseyshore.craigslist.org/apa/d/ocean-city-35th-street-winter-rental/6949079426.html,2019-08-18,09:21,$1100,OCEAN CITY,True,None,2,None
New_Jersey,jerseyshore,jerseyshore,apa,6959151649,6490513364,Save Up To $3224 On Select Apartments!,https://jerseyshore.craigslist.org/apa/d/cologne-save-up-to-3224-on-select/6959151649.html,2019-08-18,08:46,$0,None,True,None,2,None
New_Jersey,jerseyshore,jerseyshore,apa,6959151562,6489428211,Save Up To $3224 On Select Apartments!,https://jerseyshore.craigslist.org/apa/d/cologne-save-up-to-3224-on-select/6959151562.html,2019-08-18,08:46,$0,Mays Landing,True,None,1,None
New_Jersey,jerseyshore,jerseyshore,apa,6941944575,6664452319,Belmar WINTER RENTALS,https://jerseyshore.craigslist.org/apa/d/belmar-belmar-winter-rentals/6941944575.html,2019-08-18,08:42,$1250,Belmar,True,None,2,None
New_Jersey,jerseyshore,jerseyshore,apa,6959140077,6779031374,Look no further come in and tour our brand new community!,https://jerseyshore.craigslist.org/apa/d/toms-river-look-no-further-come-in-and/6959140077.html,2019-08-18,08:16,$2100,None,True,None,2,None
New_Jersey,jerseyshore,jerseyshore,apa,6959140284,6776206985,Now Showing! Come Tour! Call Today!,https://jerseyshore.craigslist.org/apa/d/toms-river-now-showing-come-tour-call/6959140284.html,2019-08-18,08:14,$2375,None,True,None,2,None
New_Jersey,jerseyshore,jerseyshore,apa,6959139456,6816672745,Check Us Out! Come in for a tour!,https://jerseyshore.craigslist.org/apa/d/toms-river-check-us-out-come-in-for-tour/6959139456.html,2019-08-18,08:11,$2850,None,True,None,3,None
New_Jersey,jerseyshore,jerseyshore,apa,6959115432,None,Amazing and well furnished 1bed/bath condo available to move in,https://jerseyshore.craigslist.org/apa/d/jersey-city-amazing-and-well-furnished/6959115432.html,2019-08-18,04:12,$1700,Jersey city,True,None,1,1139ft2
New_Jersey,jerseyshore,jerseyshore,apa,6959070712,4700306707,HOUSE FOR RENT,https://jerseyshore.craigslist.org/apa/d/seaside-park-house-for-rent/6959070712.html,2019-08-17,23:46,$1300,SEASIDE PARK,False,None,3,None
New_Jersey,jerseyshore,jerseyshore,apa,6959013921,None,2 Months free with a 18-24 Month lease on select units limited special,https://jerseyshore.craigslist.org/apa/d/matawan-2-months-free-with-month-lease/6959013921.html,2019-08-17,20:48,$2310,Keyport,True,None,2,1300ft2
New_Jersey,jerseyshore,jerseyshore,apa,6953365883,6934852671,⚡Great 2Bed/1Bath with Vaulted Ceilings and Private Entry!! [T2109],https://jerseyshore.craigslist.org/apa/d/redmond-great-2bed-1bath-with-vaulted/6953365883.html,2019-08-17,18:44,$1732,Redmond,True,None,2,846ft2
New_Jersey,jerseyshore,jerseyshore,apa,6958949223,6207831107,"Cozy 3 Br in Toms River. Section 8 is ok,  big property",https://jerseyshore.craigslist.org/apa/d/cozy-3-br-in-toms-river-section-8-is-ok/6958949223.html,2019-08-17,18:40,$1800,Toms River,False,None,3,732ft2
New_Jersey,jerseyshore,jerseyshore,apa,6958868165,None,Pet Lovers Look No Futher! Pet Friendly Community At The Pointe!,https://jerseyshore.craigslist.org/apa/d/neptune-pet-lovers-look-no-futher-pet/6958868165.html,2019-08-17,16:37,$1905,None,True,None,None,None
New_Jersey,jerseyshore,jerseyshore,apa,6958782444,None,4 bd 3.5 ba townhome with first floor bedroom,https://jerseyshore.craigslist.org/apa/d/long-branch-4-bd-35-ba-townhome-with/6958782444.html,2019-08-17,15:54,$2000,"Long Branch, NJ",True,None,None,None
New_Jersey,jerseyshore,jerseyshore,apa,6955922445,None,ASBURY PARK STUDIO,https://jerseyshore.craigslist.org/apa/d/allenhurst-asbury-park-studio/6955922445.html,2019-08-17,15:41,$1000,Asbury Park,True,None,None,None
New_Jersey,jerseyshore,jerseyshore,apa,6958725151,None,"Pets Welcome, Minutes to Cattus Island County Park, Nice Dining Area",https://jerseyshore.craigslist.org/apa/d/brick-pets-welcome-minutes-to-cattus/6958725151.html,2019-08-17,13:44,$1610,Toms River,True,None,2,950ft2
New_Jersey,jerseyshore,jerseyshore,apa,6958614099,6899482510,Winter rental,https://jerseyshore.craigslist.org/apa/d/allenhurst-winter-rental/6958614099.html,2019-08-17,11:40,$1800,"504 Corlies Ave,Ocean Township",True,None,3,1140ft2
New_Jersey,jerseyshore,jerseyshore,apa,6958608548,5949818582,"$1,550 3 bdrm Apmt @ 912 S. 18th St, Newark, NJ.",https://jerseyshore.craigslist.org/apa/d/newark-bdrm-apmt-th-st-newark-nj/6958608548.html,2019-08-17,11:34,$155,"912 South 18th Street, Newark, NJ",False,None,3,None
New_Jersey,jerseyshore,jerseyshore,apa,6958562595,None,"Live Miles From The Beautiful Jersey Shore, At The Pointe!",https://jerseyshore.craigslist.org/apa/d/neptune-live-miles-from-the-beautiful/6958562595.html,2019-08-17,10:37,$1905,None,True,None,None,None
New_Jersey,jerseyshore,jerseyshore,apa,6958475183,None,2 bedroom 1 bath house,https://jerseyshore.craigslist.org/apa/d/west-long-branch-2-bedroom-1-bath-house/6958475183.html,2019-08-17,07:40,$2000,Oakhurst,True,None,None,None
New_Jersey,jerseyshore,jerseyshore,apa,6958474475,6483044254,Save Up To $3224 On Select Apartments!,https://jerseyshore.craigslist.org/apa/d/cologne-save-up-to-3224-on-select/6958474475.html,2019-08-17,07:37,$0,Mays Landing,True,None,1,None
New_Jersey,jerseyshore,jerseyshore,apa,6958474351,6481035985,Save Up To $3224 On Select Apartments!,https://jerseyshore.craigslist.org/apa/d/cologne-save-up-to-3224-on-select/6958474351.html,2019-08-17,07:36,$0,Mays Landing,True,None,2,None
New_Jersey,jerseyshore,jerseyshore,apa,6958474240,6483026182,Save Up To $2835 On Select Townhomes!,https://jerseyshore.craigslist.org/apa/d/cologne-save-up-to-2835-on-select/6958474240.html,2019-08-17,07:36,$0,Mays Landing,True,None,3,None
New_Jersey,jerseyshore,jerseyshore,apa,6958468476,6834937106,Limited availability! Come take a tour! Leasing NOW!,https://jerseyshore.craigslist.org/apa/d/toms-river-limited-availability-come/6958468476.html,2019-08-17,07:19,$2375,None,True,None,2,None
New_Jersey,jerseyshore,jerseyshore,apa,6958468328,6805936010,Luxury All Around! Bring your pets!,https://jerseyshore.craigslist.org/apa/d/toms-river-luxury-all-around-bring-your/6958468328.html,2019-08-17,07:13,$2100,None,True,None,2,None
New_Jersey,jerseyshore,jerseyshore,apa,6958468196,6776206985,Now Showing! Come Tour! Call Today!,https://jerseyshore.craigslist.org/apa/d/toms-river-now-showing-come-tour-call/6958468196.html,2019-08-17,07:12,$2850,None,True,None,3,None
